-8 -50 
-8 -49 
-8 -48 
-8 -47 
-8 -46 
-8 -45 
-8 -44 
-8 -43 
-7 -43 
-7 -42 
-7 -41 
-7 -40 
-7 -39 
-7 -38 
-7 -37 
-7 -36 
-7 -35 
-7 -34 
-7 -33 
-6 -33 
-6 -32 
-6 -31 
-6 -30 
-6 -29 
-6 -28 
-6 -27 
-6 -26 
-6 -25 
-6 -24 
-6 -23 
-5 -23 
-5 -22 
-5 -21 
-5 -20 
-5 -19 
-5 -18 
-5 -17 
-5 -16 
-5 -15 
-5 -14 
-5 -13 
-4 -13 
-4 -12 
-4 -11 
-4 -10 
-4 -9 
-4 -8 
-4 -7 
-4 -6 
-48 -50 
-47 -49 
-46 -48 
-45 -47 
-44 -46 
-43 -45 
-42 -44 
-41 -43 
-40 -42 
-39 -41 
-38 -40 
-37 -39 
-36 -38 
-35 -37 
-34 -36 
-33 -35 
-32 -34 
-31 -33 
-30 -32 
-29 -31 
-28 -30 
-27 -29 
-26 -28 
-25 -27 
-24 -26 
-23 -25 
-3 -5 
-2 -4 
-7 -50 
-7 -49 
-7 -48 
-7 -47 
-7 -46 
-7 -45 
-7 -44 
-6 -42 
-6 -41 
-6 -40 
-6 -39 
-6 -38 
-6 -37 
-6 -36 
-6 -35 
-6 -34 
-5 -32 
-5 -31 
-5 -30 
-5 -29 
-5 -28 
-5 -27 
-5 -26 
-5 -25 
-5 -24 
-4 -22 
-4 -21 
-4 -20 
-4 -19 
-4 -18 
-4 -17 
-4 -16 
-4 -15 
-4 -14 
-3 -12 
-3 -11 
-3 -10 
-3 -9 
-3 -8 
-3 -7 
