-43 -50 
-42 -50 
-41 -50 
-40 -50 
-39 -50 
-38 -50 
-37 -50 
-36 -50 
-35 -50 
-34 -50 
-33 -50 
-32 -50 
-31 -50 
-30 -50 
-29 -50 
-28 -50 
-27 -50 
-26 -50 
-25 -50 
-24 -50 
-23 -50 
-22 -50 
-21 -50 
-20 -50 
-19 -50 
-18 -50 
-17 -50 
-16 -50 
-15 -50 
-14 -50 
-13 -50 
-12 -50 
-11 -50 
-10 -50 
-9 -50 
-42 -49 
-41 -49 
-40 -49 
-39 -49 
-38 -49 
-37 -49 
-36 -49 
-35 -49 
-34 -49 
-33 -49 
-32 -49 
-31 -49 
-30 -49 
-29 -49 
-28 -49 
-27 -49 
-26 -49 
-25 -49 
-24 -49 
-23 -49 
-22 -49 
-21 -49 
-20 -49 
-19 -49 
-18 -49 
-17 -49 
-16 -49 
-15 -49 
-14 -49 
-13 -49 
-12 -49 
-11 -49 
-10 -49 
-9 -49 
-41 -48 
-40 -48 
-39 -48 
-38 -48 
-37 -48 
-36 -48 
-35 -48 
-34 -48 
-33 -48 
-32 -48 
-31 -48 
-30 -48 
-29 -48 
-28 -48 
-27 -48 
-26 -48 
-25 -48 
-24 -48 
-23 -48 
-22 -48 
-21 -48 
-20 -48 
-19 -48 
-18 -48 
-17 -48 
-16 -48 
-15 -48 
-14 -48 
-13 -48 
-12 -48 
-11 -48 
-10 -48 
-9 -48 
-40 -47 
-39 -47 
-38 -47 
-37 -47 
-36 -47 
-35 -47 
-34 -47 
-33 -47 
-32 -47 
-31 -47 
-30 -47 
-29 -47 
-28 -47 
-27 -47 
-26 -47 
-25 -47 
-24 -47 
-23 -47 
-22 -47 
-21 -47 
-20 -47 
-19 -47 
-18 -47 
-17 -47 
-16 -47 
-15 -47 
-14 -47 
-13 -47 
-12 -47 
-11 -47 
-10 -47 
-9 -47 
-40 -46 
-39 -46 
-38 -46 
-37 -46 
-36 -46 
-35 -46 
-34 -46 
-33 -46 
-32 -46 
-31 -46 
-30 -46 
-29 -46 
-28 -46 
-27 -46 
-26 -46 
-25 -46 
-24 -46 
-23 -46 
-22 -46 
-21 -46 
-20 -46 
-19 -46 
-18 -46 
-17 -46 
-16 -46 
-15 -46 
-14 -46 
-13 -46 
-12 -46 
-11 -46 
-10 -46 
-9 -46 
-39 -45 
-38 -45 
-37 -45 
-36 -45 
-35 -45 
-34 -45 
-33 -45 
-32 -45 
-31 -45 
-30 -45 
-29 -45 
-28 -45 
-27 -45 
-26 -45 
-25 -45 
-24 -45 
-23 -45 
-22 -45 
-21 -45 
-20 -45 
-19 -45 
-18 -45 
-17 -45 
-16 -45 
-15 -45 
-14 -45 
-13 -45 
-12 -45 
-11 -45 
-10 -45 
-9 -45 
-38 -44 
-37 -44 
-36 -44 
-35 -44 
-34 -44 
-33 -44 
-32 -44 
-31 -44 
-30 -44 
-29 -44 
-28 -44 
-27 -44 
-26 -44 
-25 -44 
-24 -44 
-23 -44 
-22 -44 
-21 -44 
-20 -44 
-19 -44 
-18 -44 
-17 -44 
-16 -44 
-15 -44 
-14 -44 
-13 -44 
-12 -44 
-11 -44 
-10 -44 
-9 -44 
-37 -43 
-36 -43 
-35 -43 
-34 -43 
-33 -43 
-32 -43 
-31 -43 
-30 -43 
-29 -43 
-28 -43 
-27 -43 
-26 -43 
-25 -43 
-24 -43 
-23 -43 
-22 -43 
-21 -43 
-20 -43 
-19 -43 
-18 -43 
-17 -43 
-16 -43 
-15 -43 
-14 -43 
-13 -43 
-12 -43 
-11 -43 
-10 -43 
-9 -43 
-36 -42 
-35 -42 
-34 -42 
-33 -42 
-32 -42 
-31 -42 
-30 -42 
-29 -42 
-28 -42 
-27 -42 
-26 -42 
-25 -42 
-24 -42 
-23 -42 
-22 -42 
-21 -42 
-20 -42 
-19 -42 
-18 -42 
-17 -42 
-16 -42 
-15 -42 
-14 -42 
-13 -42 
-12 -42 
-11 -42 
-10 -42 
-9 -42 
-8 -42 
-35 -41 
-34 -41 
-33 -41 
-32 -41 
-31 -41 
-30 -41 
-29 -41 
-28 -41 
-27 -41 
-26 -41 
-25 -41 
-24 -41 
-23 -41 
-22 -41 
-21 -41 
-20 -41 
-19 -41 
-18 -41 
-17 -41 
-16 -41 
-15 -41 
-14 -41 
-13 -41 
-12 -41 
-11 -41 
-10 -41 
-9 -41 
-8 -41 
-35 -40 
-34 -40 
-33 -40 
-32 -40 
-31 -40 
-30 -40 
-29 -40 
-28 -40 
-27 -40 
-26 -40 
-25 -40 
-24 -40 
-23 -40 
-22 -40 
-21 -40 
-20 -40 
-19 -40 
-18 -40 
-17 -40 
-16 -40 
-15 -40 
-14 -40 
-13 -40 
-12 -40 
-11 -40 
-10 -40 
-9 -40 
-8 -40 
-34 -39 
-33 -39 
-32 -39 
-31 -39 
-30 -39 
-29 -39 
-28 -39 
-27 -39 
-26 -39 
-25 -39 
-24 -39 
-23 -39 
-22 -39 
-21 -39 
-20 -39 
-19 -39 
-18 -39 
-17 -39 
-16 -39 
-15 -39 
-14 -39 
-13 -39 
-12 -39 
-11 -39 
-10 -39 
-9 -39 
-8 -39 
-33 -38 
-32 -38 
-31 -38 
-30 -38 
-29 -38 
-28 -38 
-27 -38 
-26 -38 
-25 -38 
-24 -38 
-23 -38 
-22 -38 
-21 -38 
-20 -38 
-19 -38 
-18 -38 
-17 -38 
-16 -38 
-15 -38 
-14 -38 
-13 -38 
-12 -38 
-11 -38 
-10 -38 
-9 -38 
-8 -38 
-32 -37 
-31 -37 
-30 -37 
-29 -37 
-28 -37 
-27 -37 
-26 -37 
-25 -37 
-24 -37 
-23 -37 
-22 -37 
-21 -37 
-20 -37 
-19 -37 
-18 -37 
-17 -37 
-16 -37 
-15 -37 
-14 -37 
-13 -37 
-12 -37 
-11 -37 
-10 -37 
-9 -37 
-8 -37 
-31 -36 
-30 -36 
-29 -36 
-28 -36 
-27 -36 
-26 -36 
-25 -36 
-24 -36 
-23 -36 
-22 -36 
-21 -36 
-20 -36 
-19 -36 
-18 -36 
-17 -36 
-16 -36 
-15 -36 
-14 -36 
-13 -36 
-12 -36 
-11 -36 
-10 -36 
-9 -36 
-8 -36 
-31 -35 
-30 -35 
-29 -35 
-28 -35 
-27 -35 
-26 -35 
-25 -35 
-24 -35 
-23 -35 
-22 -35 
-21 -35 
-20 -35 
-19 -35 
-18 -35 
-17 -35 
-16 -35 
-15 -35 
-14 -35 
-13 -35 
-12 -35 
-11 -35 
-10 -35 
-9 -35 
-8 -35 
-30 -34 
-29 -34 
-28 -34 
-27 -34 
-26 -34 
-25 -34 
-24 -34 
-23 -34 
-22 -34 
-21 -34 
-20 -34 
-19 -34 
-18 -34 
-17 -34 
-16 -34 
-15 -34 
-14 -34 
-13 -34 
-12 -34 
-11 -34 
-10 -34 
-9 -34 
-8 -34 
-29 -33 
-28 -33 
-27 -33 
-26 -33 
-25 -33 
-24 -33 
-23 -33 
-22 -33 
-21 -33 
-20 -33 
-19 -33 
-18 -33 
-17 -33 
-16 -33 
-15 -33 
-14 -33 
-13 -33 
-12 -33 
-11 -33 
-10 -33 
-9 -33 
-8 -33 
-28 -32 
-27 -32 
-26 -32 
-25 -32 
-24 -32 
-23 -32 
-22 -32 
-21 -32 
-20 -32 
-19 -32 
-18 -32 
-17 -32 
-16 -32 
-15 -32 
-14 -32 
-13 -32 
-12 -32 
-11 -32 
-10 -32 
-9 -32 
-8 -32 
-7 -32 
-27 -31 
-26 -31 
-25 -31 
-24 -31 
-23 -31 
-22 -31 
-21 -31 
-20 -31 
-19 -31 
-18 -31 
-17 -31 
-16 -31 
-15 -31 
-14 -31 
-13 -31 
-12 -31 
-11 -31 
-10 -31 
-9 -31 
-8 -31 
-7 -31 
-26 -30 
-25 -30 
-24 -30 
-23 -30 
-22 -30 
-21 -30 
-20 -30 
-19 -30 
-18 -30 
-17 -30 
-16 -30 
-15 -30 
-14 -30 
-13 -30 
-12 -30 
-11 -30 
-10 -30 
-9 -30 
-8 -30 
-7 -30 
-26 -29 
-25 -29 
-24 -29 
-23 -29 
-22 -29 
-21 -29 
-20 -29 
-19 -29 
-18 -29 
-17 -29 
-16 -29 
-15 -29 
-14 -29 
-13 -29 
-12 -29 
-11 -29 
-10 -29 
-9 -29 
-8 -29 
-7 -29 
-25 -28 
-24 -28 
-23 -28 
-22 -28 
-21 -28 
-20 -28 
-19 -28 
-18 -28 
-17 -28 
-16 -28 
-15 -28 
-14 -28 
-13 -28 
-12 -28 
-11 -28 
-10 -28 
-9 -28 
-8 -28 
-7 -28 
-24 -27 
-23 -27 
-22 -27 
-21 -27 
-20 -27 
-19 -27 
-18 -27 
-17 -27 
-16 -27 
-15 -27 
-14 -27 
-13 -27 
-12 -27 
-11 -27 
-10 -27 
-9 -27 
-8 -27 
-7 -27 
-23 -26 
-22 -26 
-21 -26 
-20 -26 
-19 -26 
-18 -26 
-17 -26 
-16 -26 
-15 -26 
-14 -26 
-13 -26 
-12 -26 
-11 -26 
-10 -26 
-9 -26 
-8 -26 
-7 -26 
-22 -25 
-21 -25 
-20 -25 
-19 -25 
-18 -25 
-17 -25 
-16 -25 
-15 -25 
-14 -25 
-13 -25 
-12 -25 
-11 -25 
-10 -25 
-9 -25 
-8 -25 
-7 -25 
-22 -24 
-21 -24 
-20 -24 
-19 -24 
-18 -24 
-17 -24 
-16 -24 
-15 -24 
-14 -24 
-13 -24 
-12 -24 
-11 -24 
-10 -24 
-9 -24 
-8 -24 
-7 -24 
-21 -23 
-20 -23 
-19 -23 
-18 -23 
-17 -23 
-16 -23 
-15 -23 
-14 -23 
-13 -23 
-12 -23 
-11 -23 
-10 -23 
-9 -23 
-8 -23 
-7 -23 
-20 -22 
-19 -22 
-18 -22 
-17 -22 
-16 -22 
-15 -22 
-14 -22 
-13 -22 
-12 -22 
-11 -22 
-10 -22 
-9 -22 
-8 -22 
-7 -22 
-6 -22 
-19 -21 
-18 -21 
-17 -21 
-16 -21 
-15 -21 
-14 -21 
-13 -21 
-12 -21 
-11 -21 
-10 -21 
-9 -21 
-8 -21 
-7 -21 
-6 -21 
-18 -20 
-17 -20 
-16 -20 
-15 -20 
-14 -20 
-13 -20 
-12 -20 
-11 -20 
-10 -20 
-9 -20 
-8 -20 
-7 -20 
-6 -20 
-17 -19 
-16 -19 
-15 -19 
-14 -19 
-13 -19 
-12 -19 
-11 -19 
-10 -19 
-9 -19 
-8 -19 
-7 -19 
-6 -19 
-17 -18 
-16 -18 
-15 -18 
-14 -18 
-13 -18 
-12 -18 
-11 -18 
-10 -18 
-9 -18 
-8 -18 
-7 -18 
-6 -18 
-16 -17 
-15 -17 
-14 -17 
-13 -17 
-12 -17 
-11 -17 
-10 -17 
-9 -17 
-8 -17 
-7 -17 
-6 -17 
-15 -16 
-14 -16 
-13 -16 
-12 -16 
-11 -16 
-10 -16 
-9 -16 
-8 -16 
-7 -16 
-6 -16 
-14 -15 
-13 -15 
-12 -15 
-11 -15 
-10 -15 
-9 -15 
-8 -15 
-7 -15 
-6 -15 
-13 -14 
-12 -14 
-11 -14 
-10 -14 
-9 -14 
-8 -14 
-7 -14 
-6 -14 
-13 -13 
-12 -13 
-11 -13 
-10 -13 
-9 -13 
-8 -13 
-7 -13 
-6 -13 
-12 -12 
-11 -12 
-10 -12 
-9 -12 
-8 -12 
-7 -12 
-6 -12 
-5 -12 
-11 -11 
-10 -11 
-9 -11 
-8 -11 
-7 -11 
-6 -11 
-5 -11 
-10 -10 
-9 -10 
-8 -10 
-7 -10 
-6 -10 
-5 -10 
-9 -9 
-8 -9 
-7 -9 
-6 -9 
-5 -9 
-8 -8 
-7 -8 
-6 -8 
-5 -8 
-7 -7 
-6 -7 
-5 -7 
-6 -6 
-5 -6 
-5 -5 
-50 -50 
-49 -49 
-48 -48 
-47 -47 
-46 -46 
-45 -45 
-44 -44 
-43 -43 
-42 -42 
-41 -41 
-40 -40 
-39 -39 
-38 -38 
-37 -37 
-36 -36 
-35 -35 
-34 -34 
-33 -33 
-32 -32 
-31 -31 
-30 -30 
-29 -29 
-28 -28 
-27 -27 
-26 -26 
-25 -25 
-24 -24 
-23 -23 
-22 -22 
-21 -21 
-20 -20 
-19 -19 
-18 -18 
-17 -17 
-16 -16 
-15 -15 
-14 -14 
-4 -4 
