-48 -50 
-47 -50 
-46 -50 
-45 -50 
-44 -50 
-43 -50 
-42 -50 
-41 -50 
-40 -50 
-39 -50 
-38 -50 
-37 -50 
-36 -50 
-35 -50 
-34 -50 
-33 -50 
-32 -50 
-31 -50 
-30 -50 
-29 -50 
-28 -50 
-27 -50 
-26 -50 
-25 -50 
-24 -50 
-23 -50 
-22 -50 
-21 -50 
-20 -50 
-19 -50 
-18 -50 
-17 -50 
-16 -50 
-15 -50 
-14 -50 
-13 -50 
-12 -50 
-11 -50 
-10 -50 
-9 -50 
-8 -50 
-7 -50 
-6 -50 
-47 -49 
-46 -49 
-45 -49 
-44 -49 
-43 -49 
-42 -49 
-41 -49 
-40 -49 
-39 -49 
-38 -49 
-37 -49 
-36 -49 
-35 -49 
-34 -49 
-33 -49 
-32 -49 
-31 -49 
-30 -49 
-29 -49 
-28 -49 
-27 -49 
-26 -49 
-25 -49 
-24 -49 
-23 -49 
-22 -49 
-21 -49 
-20 -49 
-19 -49 
-18 -49 
-17 -49 
-16 -49 
-15 -49 
-14 -49 
-13 -49 
-12 -49 
-11 -49 
-10 -49 
-9 -49 
-8 -49 
-7 -49 
-6 -49 
-47 -48 
-46 -48 
-45 -48 
-44 -48 
-43 -48 
-42 -48 
-41 -48 
-40 -48 
-39 -48 
-38 -48 
-37 -48 
-36 -48 
-35 -48 
-34 -48 
-33 -48 
-32 -48 
-31 -48 
-30 -48 
-29 -48 
-28 -48 
-27 -48 
-26 -48 
-25 -48 
-24 -48 
-23 -48 
-22 -48 
-21 -48 
-20 -48 
-19 -48 
-18 -48 
-17 -48 
-16 -48 
-15 -48 
-14 -48 
-13 -48 
-12 -48 
-11 -48 
-10 -48 
-9 -48 
-8 -48 
-7 -48 
-6 -48 
-46 -47 
-45 -47 
-44 -47 
-43 -47 
-42 -47 
-41 -47 
-40 -47 
-39 -47 
-38 -47 
-37 -47 
-36 -47 
-35 -47 
-34 -47 
-33 -47 
-32 -47 
-31 -47 
-30 -47 
-29 -47 
-28 -47 
-27 -47 
-26 -47 
-25 -47 
-24 -47 
-23 -47 
-22 -47 
-21 -47 
-20 -47 
-19 -47 
-18 -47 
-17 -47 
-16 -47 
-15 -47 
-14 -47 
-13 -47 
-12 -47 
-11 -47 
-10 -47 
-9 -47 
-8 -47 
-7 -47 
-6 -47 
-45 -46 
-44 -46 
-43 -46 
-42 -46 
-41 -46 
-40 -46 
-39 -46 
-38 -46 
-37 -46 
-36 -46 
-35 -46 
-34 -46 
-33 -46 
-32 -46 
-31 -46 
-30 -46 
-29 -46 
-28 -46 
-27 -46 
-26 -46 
-25 -46 
-24 -46 
-23 -46 
-22 -46 
-21 -46 
-20 -46 
-19 -46 
-18 -46 
-17 -46 
-16 -46 
-15 -46 
-14 -46 
-13 -46 
-12 -46 
-11 -46 
-10 -46 
-9 -46 
-8 -46 
-7 -46 
-6 -46 
-44 -45 
-43 -45 
-42 -45 
-41 -45 
-40 -45 
-39 -45 
-38 -45 
-37 -45 
-36 -45 
-35 -45 
-34 -45 
-33 -45 
-32 -45 
-31 -45 
-30 -45 
-29 -45 
-28 -45 
-27 -45 
-26 -45 
-25 -45 
-24 -45 
-23 -45 
-22 -45 
-21 -45 
-20 -45 
-19 -45 
-18 -45 
-17 -45 
-16 -45 
-15 -45 
-14 -45 
-13 -45 
-12 -45 
-11 -45 
-10 -45 
-9 -45 
-8 -45 
-7 -45 
-6 -45 
-43 -44 
-42 -44 
-41 -44 
-40 -44 
-39 -44 
-38 -44 
-37 -44 
-36 -44 
-35 -44 
-34 -44 
-33 -44 
-32 -44 
-31 -44 
-30 -44 
-29 -44 
-28 -44 
-27 -44 
-26 -44 
-25 -44 
-24 -44 
-23 -44 
-22 -44 
-21 -44 
-20 -44 
-19 -44 
-18 -44 
-17 -44 
-16 -44 
-15 -44 
-14 -44 
-13 -44 
-12 -44 
-11 -44 
-10 -44 
-9 -44 
-8 -44 
-7 -44 
-6 -44 
-42 -43 
-41 -43 
-40 -43 
-39 -43 
-38 -43 
-37 -43 
-36 -43 
-35 -43 
-34 -43 
-33 -43 
-32 -43 
-31 -43 
-30 -43 
-29 -43 
-28 -43 
-27 -43 
-26 -43 
-25 -43 
-24 -43 
-23 -43 
-22 -43 
-21 -43 
-20 -43 
-19 -43 
-18 -43 
-17 -43 
-16 -43 
-15 -43 
-14 -43 
-13 -43 
-12 -43 
-11 -43 
-10 -43 
-9 -43 
-8 -43 
-7 -43 
-6 -43 
-41 -42 
-40 -42 
-39 -42 
-38 -42 
-37 -42 
-36 -42 
-35 -42 
-34 -42 
-33 -42 
-32 -42 
-31 -42 
-30 -42 
-29 -42 
-28 -42 
-27 -42 
-26 -42 
-25 -42 
-24 -42 
-23 -42 
-22 -42 
-21 -42 
-20 -42 
-19 -42 
-18 -42 
-17 -42 
-16 -42 
-15 -42 
-14 -42 
-13 -42 
-12 -42 
-11 -42 
-10 -42 
-9 -42 
-8 -42 
-7 -42 
-6 -42 
-40 -41 
-39 -41 
-38 -41 
-37 -41 
-36 -41 
-35 -41 
-34 -41 
-33 -41 
-32 -41 
-31 -41 
-30 -41 
-29 -41 
-28 -41 
-27 -41 
-26 -41 
-25 -41 
-24 -41 
-23 -41 
-22 -41 
-21 -41 
-20 -41 
-19 -41 
-18 -41 
-17 -41 
-16 -41 
-15 -41 
-14 -41 
-13 -41 
-12 -41 
-11 -41 
-10 -41 
-9 -41 
-8 -41 
-7 -41 
-6 -41 
-39 -40 
-38 -40 
-37 -40 
-36 -40 
-35 -40 
-34 -40 
-33 -40 
-32 -40 
-31 -40 
-30 -40 
-29 -40 
-28 -40 
-27 -40 
-26 -40 
-25 -40 
-24 -40 
-23 -40 
-22 -40 
-21 -40 
-20 -40 
-19 -40 
-18 -40 
-17 -40 
-16 -40 
-15 -40 
-14 -40 
-13 -40 
-12 -40 
-11 -40 
-10 -40 
-9 -40 
-8 -40 
-7 -40 
-6 -40 
-38 -39 
-37 -39 
-36 -39 
-35 -39 
-34 -39 
-33 -39 
-32 -39 
-31 -39 
-30 -39 
-29 -39 
-28 -39 
-27 -39 
-26 -39 
-25 -39 
-24 -39 
-23 -39 
-22 -39 
-21 -39 
-20 -39 
-19 -39 
-18 -39 
-17 -39 
-16 -39 
-15 -39 
-14 -39 
-13 -39 
-12 -39 
-11 -39 
-10 -39 
-9 -39 
-8 -39 
-7 -39 
-6 -39 
-37 -38 
-36 -38 
-35 -38 
-34 -38 
-33 -38 
-32 -38 
-31 -38 
-30 -38 
-29 -38 
-28 -38 
-27 -38 
-26 -38 
-25 -38 
-24 -38 
-23 -38 
-22 -38 
-21 -38 
-20 -38 
-19 -38 
-18 -38 
-17 -38 
-16 -38 
-15 -38 
-14 -38 
-13 -38 
-12 -38 
-11 -38 
-10 -38 
-9 -38 
-8 -38 
-7 -38 
-6 -38 
-36 -37 
-35 -37 
-34 -37 
-33 -37 
-32 -37 
-31 -37 
-30 -37 
-29 -37 
-28 -37 
-27 -37 
-26 -37 
-25 -37 
-24 -37 
-23 -37 
-22 -37 
-21 -37 
-20 -37 
-19 -37 
-18 -37 
-17 -37 
-16 -37 
-15 -37 
-14 -37 
-13 -37 
-12 -37 
-11 -37 
-10 -37 
-9 -37 
-8 -37 
-7 -37 
-6 -37 
-35 -36 
-34 -36 
-33 -36 
-32 -36 
-31 -36 
-30 -36 
-29 -36 
-28 -36 
-27 -36 
-26 -36 
-25 -36 
-24 -36 
-23 -36 
-22 -36 
-21 -36 
-20 -36 
-19 -36 
-18 -36 
-17 -36 
-16 -36 
-15 -36 
-14 -36 
-13 -36 
-12 -36 
-11 -36 
-10 -36 
-9 -36 
-8 -36 
-7 -36 
-6 -36 
-34 -35 
-33 -35 
-32 -35 
-31 -35 
-30 -35 
-29 -35 
-28 -35 
-27 -35 
-26 -35 
-25 -35 
-24 -35 
-23 -35 
-22 -35 
-21 -35 
-20 -35 
-19 -35 
-18 -35 
-17 -35 
-16 -35 
-15 -35 
-14 -35 
-13 -35 
-12 -35 
-11 -35 
-10 -35 
-9 -35 
-8 -35 
-7 -35 
-6 -35 
-33 -34 
-32 -34 
-31 -34 
-30 -34 
-29 -34 
-28 -34 
-27 -34 
-26 -34 
-25 -34 
-24 -34 
-23 -34 
-22 -34 
-21 -34 
-20 -34 
-19 -34 
-18 -34 
-17 -34 
-16 -34 
-15 -34 
-14 -34 
-13 -34 
-12 -34 
-11 -34 
-10 -34 
-9 -34 
-8 -34 
-7 -34 
-6 -34 
-33 -33 
-32 -33 
-31 -33 
-30 -33 
-29 -33 
-28 -33 
-27 -33 
-26 -33 
-25 -33 
-24 -33 
-23 -33 
-22 -33 
-21 -33 
-20 -33 
-19 -33 
-18 -33 
-17 -33 
-16 -33 
-15 -33 
-14 -33 
-13 -33 
-12 -33 
-11 -33 
-10 -33 
-9 -33 
-8 -33 
-7 -33 
-6 -33 
-32 -32 
-31 -32 
-30 -32 
-29 -32 
-28 -32 
-27 -32 
-26 -32 
-25 -32 
-24 -32 
-23 -32 
-22 -32 
-21 -32 
-20 -32 
-19 -32 
-18 -32 
-17 -32 
-16 -32 
-15 -32 
-14 -32 
-13 -32 
-12 -32 
-11 -32 
-10 -32 
-9 -32 
-8 -32 
-7 -32 
-6 -32 
-5 -32 
-31 -31 
-30 -31 
-29 -31 
-28 -31 
-27 -31 
-26 -31 
-25 -31 
-24 -31 
-23 -31 
-22 -31 
-21 -31 
-20 -31 
-19 -31 
-18 -31 
-17 -31 
-16 -31 
-15 -31 
-14 -31 
-13 -31 
-12 -31 
-11 -31 
-10 -31 
-9 -31 
-8 -31 
-7 -31 
-6 -31 
-5 -31 
-30 -30 
-29 -30 
-28 -30 
-27 -30 
-26 -30 
-25 -30 
-24 -30 
-23 -30 
-22 -30 
-21 -30 
-20 -30 
-19 -30 
-18 -30 
-17 -30 
-16 -30 
-15 -30 
-14 -30 
-13 -30 
-12 -30 
-11 -30 
-10 -30 
-9 -30 
-8 -30 
-7 -30 
-6 -30 
-5 -30 
-29 -29 
-28 -29 
-27 -29 
-26 -29 
-25 -29 
-24 -29 
-23 -29 
-22 -29 
-21 -29 
-20 -29 
-19 -29 
-18 -29 
-17 -29 
-16 -29 
-15 -29 
-14 -29 
-13 -29 
-12 -29 
-11 -29 
-10 -29 
-9 -29 
-8 -29 
-7 -29 
-6 -29 
-5 -29 
-28 -28 
-27 -28 
-26 -28 
-25 -28 
-24 -28 
-23 -28 
-22 -28 
-21 -28 
-20 -28 
-19 -28 
-18 -28 
-17 -28 
-16 -28 
-15 -28 
-14 -28 
-13 -28 
-12 -28 
-11 -28 
-10 -28 
-9 -28 
-8 -28 
-7 -28 
-6 -28 
-5 -28 
-27 -27 
-26 -27 
-25 -27 
-24 -27 
-23 -27 
-22 -27 
-21 -27 
-20 -27 
-19 -27 
-18 -27 
-17 -27 
-16 -27 
-15 -27 
-14 -27 
-13 -27 
-12 -27 
-11 -27 
-10 -27 
-9 -27 
-8 -27 
-7 -27 
-6 -27 
-5 -27 
-26 -26 
-25 -26 
-24 -26 
-23 -26 
-22 -26 
-21 -26 
-20 -26 
-19 -26 
-18 -26 
-17 -26 
-16 -26 
-15 -26 
-14 -26 
-13 -26 
-12 -26 
-11 -26 
-10 -26 
-9 -26 
-8 -26 
-7 -26 
-6 -26 
-5 -26 
-25 -25 
-24 -25 
-23 -25 
-22 -25 
-21 -25 
-20 -25 
-19 -25 
-18 -25 
-17 -25 
-16 -25 
-15 -25 
-14 -25 
-13 -25 
-12 -25 
-11 -25 
-10 -25 
-9 -25 
-8 -25 
-7 -25 
-6 -25 
-5 -25 
-24 -24 
-23 -24 
-22 -24 
-21 -24 
-20 -24 
-19 -24 
-18 -24 
-17 -24 
-16 -24 
-15 -24 
-14 -24 
-13 -24 
-12 -24 
-11 -24 
-10 -24 
-9 -24 
-8 -24 
-7 -24 
-6 -24 
-5 -24 
-23 -23 
-22 -23 
-21 -23 
-20 -23 
-19 -23 
-18 -23 
-17 -23 
-16 -23 
-15 -23 
-14 -23 
-13 -23 
-12 -23 
-11 -23 
-10 -23 
-9 -23 
-8 -23 
-7 -23 
-6 -23 
-5 -23 
-22 -22 
-21 -22 
-20 -22 
-19 -22 
-18 -22 
-17 -22 
-16 -22 
-15 -22 
-14 -22 
-13 -22 
-12 -22 
-11 -22 
-10 -22 
-9 -22 
-8 -22 
-7 -22 
-6 -22 
-5 -22 
-21 -21 
-20 -21 
-19 -21 
-18 -21 
-17 -21 
-16 -21 
-15 -21 
-14 -21 
-13 -21 
-12 -21 
-11 -21 
-10 -21 
-9 -21 
-8 -21 
-7 -21 
-6 -21 
-5 -21 
-20 -20 
-19 -20 
-18 -20 
-17 -20 
-16 -20 
-15 -20 
-14 -20 
-13 -20 
-12 -20 
-11 -20 
-10 -20 
-9 -20 
-8 -20 
-7 -20 
-6 -20 
-5 -20 
-19 -19 
-18 -19 
-17 -19 
-16 -19 
-15 -19 
-14 -19 
-13 -19 
-12 -19 
-11 -19 
-10 -19 
-9 -19 
-8 -19 
-7 -19 
-6 -19 
-5 -19 
-18 -18 
-17 -18 
-16 -18 
-15 -18 
-14 -18 
-13 -18 
-12 -18 
-11 -18 
-10 -18 
-9 -18 
-8 -18 
-7 -18 
-6 -18 
-5 -18 
-17 -17 
-16 -17 
-15 -17 
-14 -17 
-13 -17 
-12 -17 
-11 -17 
-10 -17 
-9 -17 
-8 -17 
-7 -17 
-6 -17 
-5 -17 
-16 -16 
-15 -16 
-14 -16 
-13 -16 
-12 -16 
-11 -16 
-10 -16 
-9 -16 
-8 -16 
-7 -16 
-6 -16 
-5 -16 
-15 -15 
-14 -15 
-13 -15 
-12 -15 
-11 -15 
-10 -15 
-9 -15 
-8 -15 
-7 -15 
-6 -15 
-5 -15 
-14 -14 
-13 -14 
-12 -14 
-11 -14 
-10 -14 
-9 -14 
-8 -14 
-7 -14 
-6 -14 
-5 -14 
-13 -13 
-12 -13 
-11 -13 
-10 -13 
-9 -13 
-8 -13 
-7 -13 
-6 -13 
-5 -13 
-12 -12 
-11 -12 
-10 -12 
-9 -12 
-8 -12 
-7 -12 
-6 -12 
-5 -12 
-11 -11 
-10 -11 
-9 -11 
-8 -11 
-7 -11 
-6 -11 
-5 -11 
-10 -10 
-9 -10 
-8 -10 
-7 -10 
-6 -10 
-5 -10 
-9 -9 
-8 -9 
-7 -9 
-6 -9 
-5 -9 
-8 -8 
-7 -8 
-6 -8 
-5 -8 
-7 -7 
-6 -7 
-5 -7 
-6 -6 
-5 -6 
-5 -5 
-50 -50 
-49 -49 
-48 -48 
-47 -47 
-46 -46 
-45 -45 
-44 -44 
-43 -43 
-42 -42 
-41 -41 
-40 -40 
-39 -39 
-38 -38 
-37 -37 
-36 -36 
-35 -35 
-34 -34 
-4 -4 
-76 -80 
-75 -80 
-74 -80 
-73 -80 
-72 -80 
-71 -80 
-70 -80 
-69 -80 
-68 -80 
-67 -80 
-66 -80 
-65 -80 
-64 -80 
-63 -80 
-62 -80 
-61 -80 
-60 -80 
-59 -80 
-58 -80 
-57 -80 
-56 -80 
-55 -80 
-54 -80 
-53 -80 
-52 -80 
-51 -80 
-50 -80 
-49 -80 
-48 -80 
-47 -80 
-46 -80 
-45 -80 
-44 -80 
-43 -80 
-42 -80 
-41 -80 
-40 -80 
-39 -80 
-38 -80 
-37 -80 
-36 -80 
-35 -80 
-34 -80 
-33 -80 
-32 -80 
-31 -80 
-30 -80 
-29 -80 
-28 -80 
-27 -80 
-26 -80 
-25 -80 
-24 -80 
-23 -80 
-22 -80 
-21 -80 
-20 -80 
-19 -80 
-18 -80 
-17 -80 
-16 -80 
-15 -80 
-14 -80 
-13 -80 
-12 -80 
-11 -80 
-10 -80 
-9 -80 
-8 -80 
-7 -80 
-76 -79 
-75 -79 
-74 -79 
-73 -79 
-72 -79 
-71 -79 
-70 -79 
-69 -79 
-68 -79 
-67 -79 
-66 -79 
-65 -79 
-64 -79 
-63 -79 
-62 -79 
-61 -79 
-60 -79 
-59 -79 
-58 -79 
-57 -79 
-56 -79 
-55 -79 
-54 -79 
-53 -79 
-52 -79 
-51 -79 
-50 -79 
-49 -79 
-48 -79 
-47 -79 
-46 -79 
-45 -79 
-44 -79 
-43 -79 
-42 -79 
-41 -79 
-40 -79 
-39 -79 
-38 -79 
-37 -79 
-36 -79 
-35 -79 
-34 -79 
-33 -79 
-32 -79 
-31 -79 
-30 -79 
-29 -79 
-28 -79 
-27 -79 
-26 -79 
-25 -79 
-24 -79 
-23 -79 
-22 -79 
-21 -79 
-20 -79 
-19 -79 
-18 -79 
-17 -79 
-16 -79 
-15 -79 
-14 -79 
-13 -79 
-12 -79 
-11 -79 
-10 -79 
-9 -79 
-8 -79 
-7 -79 
-75 -78 
-74 -78 
-73 -78 
-72 -78 
-71 -78 
-70 -78 
-69 -78 
-68 -78 
-67 -78 
-66 -78 
-65 -78 
-64 -78 
-63 -78 
-62 -78 
-61 -78 
-60 -78 
-59 -78 
-58 -78 
-57 -78 
-56 -78 
-55 -78 
-54 -78 
-53 -78 
-52 -78 
-51 -78 
-50 -78 
-49 -78 
-48 -78 
-47 -78 
-46 -78 
-45 -78 
-44 -78 
-43 -78 
-42 -78 
-41 -78 
-40 -78 
-39 -78 
-38 -78 
-37 -78 
-36 -78 
-35 -78 
-34 -78 
-33 -78 
-32 -78 
-31 -78 
-30 -78 
-29 -78 
-28 -78 
-27 -78 
-26 -78 
-25 -78 
-24 -78 
-23 -78 
-22 -78 
-21 -78 
-20 -78 
-19 -78 
-18 -78 
-17 -78 
-16 -78 
-15 -78 
-14 -78 
-13 -78 
-12 -78 
-11 -78 
-10 -78 
-9 -78 
-8 -78 
-7 -78 
-74 -77 
-73 -77 
-72 -77 
-71 -77 
-70 -77 
-69 -77 
-68 -77 
-67 -77 
-66 -77 
-65 -77 
-64 -77 
-63 -77 
-62 -77 
-61 -77 
-60 -77 
-59 -77 
-58 -77 
-57 -77 
-56 -77 
-55 -77 
-54 -77 
-53 -77 
-52 -77 
-51 -77 
-50 -77 
-49 -77 
-48 -77 
-47 -77 
-46 -77 
-45 -77 
-44 -77 
-43 -77 
-42 -77 
-41 -77 
-40 -77 
-39 -77 
-38 -77 
-37 -77 
-36 -77 
-35 -77 
-34 -77 
-33 -77 
-32 -77 
-31 -77 
-30 -77 
-29 -77 
-28 -77 
-27 -77 
-26 -77 
-25 -77 
-24 -77 
-23 -77 
-22 -77 
-21 -77 
-20 -77 
-19 -77 
-18 -77 
-17 -77 
-16 -77 
-15 -77 
-14 -77 
-13 -77 
-12 -77 
-11 -77 
-10 -77 
-9 -77 
-8 -77 
-7 -77 
-73 -76 
-72 -76 
-71 -76 
-70 -76 
-69 -76 
-68 -76 
-67 -76 
-66 -76 
-65 -76 
-64 -76 
-63 -76 
-62 -76 
-61 -76 
-60 -76 
-59 -76 
-58 -76 
-57 -76 
-56 -76 
-55 -76 
-54 -76 
-53 -76 
-52 -76 
-51 -76 
-50 -76 
-49 -76 
-48 -76 
-47 -76 
-46 -76 
-45 -76 
-44 -76 
-43 -76 
-42 -76 
-41 -76 
-40 -76 
-39 -76 
-38 -76 
-37 -76 
-36 -76 
-35 -76 
-34 -76 
-33 -76 
-32 -76 
-31 -76 
-30 -76 
-29 -76 
-28 -76 
-27 -76 
-26 -76 
-25 -76 
-24 -76 
-23 -76 
-22 -76 
-21 -76 
-20 -76 
-19 -76 
-18 -76 
-17 -76 
-16 -76 
-15 -76 
-14 -76 
-13 -76 
-12 -76 
-11 -76 
-10 -76 
-9 -76 
-8 -76 
-7 -76 
-72 -75 
-71 -75 
-70 -75 
-69 -75 
-68 -75 
-67 -75 
-66 -75 
-65 -75 
-64 -75 
-63 -75 
-62 -75 
-61 -75 
-60 -75 
-59 -75 
-58 -75 
-57 -75 
-56 -75 
-55 -75 
-54 -75 
-53 -75 
-52 -75 
-51 -75 
-50 -75 
-49 -75 
-48 -75 
-47 -75 
-46 -75 
-45 -75 
-44 -75 
-43 -75 
-42 -75 
-41 -75 
-40 -75 
-39 -75 
-38 -75 
-37 -75 
-36 -75 
-35 -75 
-34 -75 
-33 -75 
-32 -75 
-31 -75 
-30 -75 
-29 -75 
-28 -75 
-27 -75 
-26 -75 
-25 -75 
-24 -75 
-23 -75 
-22 -75 
-21 -75 
-20 -75 
-19 -75 
-18 -75 
-17 -75 
-16 -75 
-15 -75 
-14 -75 
-13 -75 
-12 -75 
-11 -75 
-10 -75 
-9 -75 
-8 -75 
-7 -75 
-71 -74 
-70 -74 
-69 -74 
-68 -74 
-67 -74 
-66 -74 
-65 -74 
-64 -74 
-63 -74 
-62 -74 
-61 -74 
-60 -74 
-59 -74 
-58 -74 
-57 -74 
-56 -74 
-55 -74 
-54 -74 
-53 -74 
-52 -74 
-51 -74 
-50 -74 
-49 -74 
-48 -74 
-47 -74 
-46 -74 
-45 -74 
-44 -74 
-43 -74 
-42 -74 
-41 -74 
-40 -74 
-39 -74 
-38 -74 
-37 -74 
-36 -74 
-35 -74 
-34 -74 
-33 -74 
-32 -74 
-31 -74 
-30 -74 
-29 -74 
-28 -74 
-27 -74 
-26 -74 
-25 -74 
-24 -74 
-23 -74 
-22 -74 
-21 -74 
-20 -74 
-19 -74 
-18 -74 
-17 -74 
-16 -74 
-15 -74 
-14 -74 
-13 -74 
-12 -74 
-11 -74 
-10 -74 
-9 -74 
-8 -74 
-7 -74 
-70 -73 
-69 -73 
-68 -73 
-67 -73 
-66 -73 
-65 -73 
-64 -73 
-63 -73 
-62 -73 
-61 -73 
-60 -73 
-59 -73 
-58 -73 
-57 -73 
-56 -73 
-55 -73 
-54 -73 
-53 -73 
-52 -73 
-51 -73 
-50 -73 
-49 -73 
-48 -73 
-47 -73 
-46 -73 
-45 -73 
-44 -73 
-43 -73 
-42 -73 
-41 -73 
-40 -73 
-39 -73 
-38 -73 
-37 -73 
-36 -73 
-35 -73 
-34 -73 
-33 -73 
-32 -73 
-31 -73 
-30 -73 
-29 -73 
-28 -73 
-27 -73 
-26 -73 
-25 -73 
-24 -73 
-23 -73 
-22 -73 
-21 -73 
-20 -73 
-19 -73 
-18 -73 
-17 -73 
-16 -73 
-15 -73 
-14 -73 
-13 -73 
-12 -73 
-11 -73 
-10 -73 
-9 -73 
-8 -73 
-7 -73 
-69 -72 
-68 -72 
-67 -72 
-66 -72 
-65 -72 
-64 -72 
-63 -72 
-62 -72 
-61 -72 
-60 -72 
-59 -72 
-58 -72 
-57 -72 
-56 -72 
-55 -72 
-54 -72 
-53 -72 
-52 -72 
-51 -72 
-50 -72 
-49 -72 
-48 -72 
-47 -72 
-46 -72 
-45 -72 
-44 -72 
-43 -72 
-42 -72 
-41 -72 
-40 -72 
-39 -72 
-38 -72 
-37 -72 
-36 -72 
-35 -72 
-34 -72 
-33 -72 
-32 -72 
-31 -72 
-30 -72 
-29 -72 
-28 -72 
-27 -72 
-26 -72 
-25 -72 
-24 -72 
-23 -72 
-22 -72 
-21 -72 
-20 -72 
-19 -72 
-18 -72 
-17 -72 
-16 -72 
-15 -72 
-14 -72 
-13 -72 
-12 -72 
-11 -72 
-10 -72 
-9 -72 
-8 -72 
-7 -72 
-68 -71 
-67 -71 
-66 -71 
-65 -71 
-64 -71 
-63 -71 
-62 -71 
-61 -71 
-60 -71 
-59 -71 
-58 -71 
-57 -71 
-56 -71 
-55 -71 
-54 -71 
-53 -71 
-52 -71 
-51 -71 
-50 -71 
-49 -71 
-48 -71 
-47 -71 
-46 -71 
-45 -71 
-44 -71 
-43 -71 
-42 -71 
-41 -71 
-40 -71 
-39 -71 
-38 -71 
-37 -71 
-36 -71 
-35 -71 
-34 -71 
-33 -71 
-32 -71 
-31 -71 
-30 -71 
-29 -71 
-28 -71 
-27 -71 
-26 -71 
-25 -71 
-24 -71 
-23 -71 
-22 -71 
-21 -71 
-20 -71 
-19 -71 
-18 -71 
-17 -71 
-16 -71 
-15 -71 
-14 -71 
-13 -71 
-12 -71 
-11 -71 
-10 -71 
-9 -71 
-8 -71 
-7 -71 
-67 -70 
-66 -70 
-65 -70 
-64 -70 
-63 -70 
-62 -70 
-61 -70 
-60 -70 
-59 -70 
-58 -70 
-57 -70 
-56 -70 
-55 -70 
-54 -70 
-53 -70 
-52 -70 
-51 -70 
-50 -70 
-49 -70 
-48 -70 
-47 -70 
-46 -70 
-45 -70 
-44 -70 
-43 -70 
-42 -70 
-41 -70 
-40 -70 
-39 -70 
-38 -70 
-37 -70 
-36 -70 
-35 -70 
-34 -70 
-33 -70 
-32 -70 
-31 -70 
-30 -70 
-29 -70 
-28 -70 
-27 -70 
-26 -70 
-25 -70 
-24 -70 
-23 -70 
-22 -70 
-21 -70 
-20 -70 
-19 -70 
-18 -70 
-17 -70 
-16 -70 
-15 -70 
-14 -70 
-13 -70 
-12 -70 
-11 -70 
-10 -70 
-9 -70 
-8 -70 
-7 -70 
-66 -69 
-65 -69 
-64 -69 
-63 -69 
-62 -69 
-61 -69 
-60 -69 
-59 -69 
-58 -69 
-57 -69 
-56 -69 
-55 -69 
-54 -69 
-53 -69 
-52 -69 
-51 -69 
-50 -69 
-49 -69 
-48 -69 
-47 -69 
-46 -69 
-45 -69 
-44 -69 
-43 -69 
-42 -69 
-41 -69 
-40 -69 
-39 -69 
-38 -69 
-37 -69 
-36 -69 
-35 -69 
-34 -69 
-33 -69 
-32 -69 
-31 -69 
-30 -69 
-29 -69 
-28 -69 
-27 -69 
-26 -69 
-25 -69 
-24 -69 
-23 -69 
-22 -69 
-21 -69 
-20 -69 
-19 -69 
-18 -69 
-17 -69 
-16 -69 
-15 -69 
-14 -69 
-13 -69 
-12 -69 
-11 -69 
-10 -69 
-9 -69 
-8 -69 
-7 -69 
-65 -68 
-64 -68 
-63 -68 
-62 -68 
-61 -68 
-60 -68 
-59 -68 
-58 -68 
-57 -68 
-56 -68 
-55 -68 
-54 -68 
-53 -68 
-52 -68 
-51 -68 
-50 -68 
-49 -68 
-48 -68 
-47 -68 
-46 -68 
-45 -68 
-44 -68 
-43 -68 
-42 -68 
-41 -68 
-40 -68 
-39 -68 
-38 -68 
-37 -68 
-36 -68 
-35 -68 
-34 -68 
-33 -68 
-32 -68 
-31 -68 
-30 -68 
-29 -68 
-28 -68 
-27 -68 
-26 -68 
-25 -68 
-24 -68 
-23 -68 
-22 -68 
-21 -68 
-20 -68 
-19 -68 
-18 -68 
-17 -68 
-16 -68 
-15 -68 
-14 -68 
-13 -68 
-12 -68 
-11 -68 
-10 -68 
-9 -68 
-8 -68 
-7 -68 
-64 -67 
-63 -67 
-62 -67 
-61 -67 
-60 -67 
-59 -67 
-58 -67 
-57 -67 
-56 -67 
-55 -67 
-54 -67 
-53 -67 
-52 -67 
-51 -67 
-50 -67 
-49 -67 
-48 -67 
-47 -67 
-46 -67 
-45 -67 
-44 -67 
-43 -67 
-42 -67 
-41 -67 
-40 -67 
-39 -67 
-38 -67 
-37 -67 
-36 -67 
-35 -67 
-34 -67 
-33 -67 
-32 -67 
-31 -67 
-30 -67 
-29 -67 
-28 -67 
-27 -67 
-26 -67 
-25 -67 
-24 -67 
-23 -67 
-22 -67 
-21 -67 
-20 -67 
-19 -67 
-18 -67 
-17 -67 
-16 -67 
-15 -67 
-14 -67 
-13 -67 
-12 -67 
-11 -67 
-10 -67 
-9 -67 
-8 -67 
-7 -67 
-63 -66 
-62 -66 
-61 -66 
-60 -66 
-59 -66 
-58 -66 
-57 -66 
-56 -66 
-55 -66 
-54 -66 
-53 -66 
-52 -66 
-51 -66 
-50 -66 
-49 -66 
-48 -66 
-47 -66 
-46 -66 
-45 -66 
-44 -66 
-43 -66 
-42 -66 
-41 -66 
-40 -66 
-39 -66 
-38 -66 
-37 -66 
-36 -66 
-35 -66 
-34 -66 
-33 -66 
-32 -66 
-31 -66 
-30 -66 
-29 -66 
-28 -66 
-27 -66 
-26 -66 
-25 -66 
-24 -66 
-23 -66 
-22 -66 
-21 -66 
-20 -66 
-19 -66 
-18 -66 
-17 -66 
-16 -66 
-15 -66 
-14 -66 
-13 -66 
-12 -66 
-11 -66 
-10 -66 
-9 -66 
-8 -66 
-7 -66 
-62 -65 
-61 -65 
-60 -65 
-59 -65 
-58 -65 
-57 -65 
-56 -65 
-55 -65 
-54 -65 
-53 -65 
-52 -65 
-51 -65 
-50 -65 
-49 -65 
-48 -65 
-47 -65 
-46 -65 
-45 -65 
-44 -65 
-43 -65 
-42 -65 
-41 -65 
-40 -65 
-39 -65 
-38 -65 
-37 -65 
-36 -65 
-35 -65 
-34 -65 
-33 -65 
-32 -65 
-31 -65 
-30 -65 
-29 -65 
-28 -65 
-27 -65 
-26 -65 
-25 -65 
-24 -65 
-23 -65 
-22 -65 
-21 -65 
-20 -65 
-19 -65 
-18 -65 
-17 -65 
-16 -65 
-15 -65 
-14 -65 
-13 -65 
-12 -65 
-11 -65 
-10 -65 
-9 -65 
-8 -65 
-7 -65 
-62 -64 
-61 -64 
-60 -64 
-59 -64 
-58 -64 
-57 -64 
-56 -64 
-55 -64 
-54 -64 
-53 -64 
-52 -64 
-51 -64 
-50 -64 
-49 -64 
-48 -64 
-47 -64 
-46 -64 
-45 -64 
-44 -64 
-43 -64 
-42 -64 
-41 -64 
-40 -64 
-39 -64 
-38 -64 
-37 -64 
-36 -64 
-35 -64 
-34 -64 
-33 -64 
-32 -64 
-31 -64 
-30 -64 
-29 -64 
-28 -64 
-27 -64 
-26 -64 
-25 -64 
-24 -64 
-23 -64 
-22 -64 
-21 -64 
-20 -64 
-19 -64 
-18 -64 
-17 -64 
-16 -64 
-15 -64 
-14 -64 
-13 -64 
-12 -64 
-11 -64 
-10 -64 
-9 -64 
-8 -64 
-7 -64 
-61 -63 
-60 -63 
-59 -63 
-58 -63 
-57 -63 
-56 -63 
-55 -63 
-54 -63 
-53 -63 
-52 -63 
-51 -63 
-50 -63 
-49 -63 
-48 -63 
-47 -63 
-46 -63 
-45 -63 
-44 -63 
-43 -63 
-42 -63 
-41 -63 
-40 -63 
-39 -63 
-38 -63 
-37 -63 
-36 -63 
-35 -63 
-34 -63 
-33 -63 
-32 -63 
-31 -63 
-30 -63 
-29 -63 
-28 -63 
-27 -63 
-26 -63 
-25 -63 
-24 -63 
-23 -63 
-22 -63 
-21 -63 
-20 -63 
-19 -63 
-18 -63 
-17 -63 
-16 -63 
-15 -63 
-14 -63 
-13 -63 
-12 -63 
-11 -63 
-10 -63 
-9 -63 
-8 -63 
-7 -63 
-60 -62 
-59 -62 
-58 -62 
-57 -62 
-56 -62 
-55 -62 
-54 -62 
-53 -62 
-52 -62 
-51 -62 
-50 -62 
-49 -62 
-48 -62 
-47 -62 
-46 -62 
-45 -62 
-44 -62 
-43 -62 
-42 -62 
-41 -62 
-40 -62 
-39 -62 
-38 -62 
-37 -62 
-36 -62 
-35 -62 
-34 -62 
-33 -62 
-32 -62 
-31 -62 
-30 -62 
-29 -62 
-28 -62 
-27 -62 
-26 -62 
-25 -62 
-24 -62 
-23 -62 
-22 -62 
-21 -62 
-20 -62 
-19 -62 
-18 -62 
-17 -62 
-16 -62 
-15 -62 
-14 -62 
-13 -62 
-12 -62 
-11 -62 
-10 -62 
-9 -62 
-8 -62 
-7 -62 
-6 -62 
-59 -61 
-58 -61 
-57 -61 
-56 -61 
-55 -61 
-54 -61 
-53 -61 
-52 -61 
-51 -61 
-50 -61 
-49 -61 
-48 -61 
-47 -61 
-46 -61 
-45 -61 
-44 -61 
-43 -61 
-42 -61 
-41 -61 
-40 -61 
-39 -61 
-38 -61 
-37 -61 
-36 -61 
-35 -61 
-34 -61 
-33 -61 
-32 -61 
-31 -61 
-30 -61 
-29 -61 
-28 -61 
-27 -61 
-26 -61 
-25 -61 
-24 -61 
-23 -61 
-22 -61 
-21 -61 
-20 -61 
-19 -61 
-18 -61 
-17 -61 
-16 -61 
-15 -61 
-14 -61 
-13 -61 
-12 -61 
-11 -61 
-10 -61 
-9 -61 
-8 -61 
-7 -61 
-6 -61 
-58 -60 
-57 -60 
-56 -60 
-55 -60 
-54 -60 
-53 -60 
-52 -60 
-51 -60 
-50 -60 
-49 -60 
-48 -60 
-47 -60 
-46 -60 
-45 -60 
-44 -60 
-43 -60 
-42 -60 
-41 -60 
-40 -60 
-39 -60 
-38 -60 
-37 -60 
-36 -60 
-35 -60 
-34 -60 
-33 -60 
-32 -60 
-31 -60 
-30 -60 
-29 -60 
-28 -60 
-27 -60 
-26 -60 
-25 -60 
-24 -60 
-23 -60 
-22 -60 
-21 -60 
-20 -60 
-19 -60 
-18 -60 
-17 -60 
-16 -60 
-15 -60 
-14 -60 
-13 -60 
-12 -60 
-11 -60 
-10 -60 
-9 -60 
-8 -60 
-7 -60 
-6 -60 
-57 -59 
-56 -59 
-55 -59 
-54 -59 
-53 -59 
-52 -59 
-51 -59 
-50 -59 
-49 -59 
-48 -59 
-47 -59 
-46 -59 
-45 -59 
-44 -59 
-43 -59 
-42 -59 
-41 -59 
-40 -59 
-39 -59 
-38 -59 
-37 -59 
-36 -59 
-35 -59 
-34 -59 
-33 -59 
-32 -59 
-31 -59 
-30 -59 
-29 -59 
-28 -59 
-27 -59 
-26 -59 
-25 -59 
-24 -59 
-23 -59 
-22 -59 
-21 -59 
-20 -59 
-19 -59 
-18 -59 
-17 -59 
-16 -59 
-15 -59 
-14 -59 
-13 -59 
-12 -59 
-11 -59 
-10 -59 
-9 -59 
-8 -59 
-7 -59 
-6 -59 
-56 -58 
-55 -58 
-54 -58 
-53 -58 
-52 -58 
-51 -58 
-50 -58 
-49 -58 
-48 -58 
-47 -58 
-46 -58 
-45 -58 
-44 -58 
-43 -58 
-42 -58 
-41 -58 
-40 -58 
-39 -58 
-38 -58 
-37 -58 
-36 -58 
-35 -58 
-34 -58 
-33 -58 
-32 -58 
-31 -58 
-30 -58 
-29 -58 
-28 -58 
-27 -58 
-26 -58 
-25 -58 
-24 -58 
-23 -58 
-22 -58 
-21 -58 
-20 -58 
-19 -58 
-18 -58 
-17 -58 
-16 -58 
-15 -58 
-14 -58 
-13 -58 
-12 -58 
-11 -58 
-10 -58 
-9 -58 
-8 -58 
-7 -58 
-6 -58 
-55 -57 
-54 -57 
-53 -57 
-52 -57 
-51 -57 
-50 -57 
-49 -57 
-48 -57 
-47 -57 
-46 -57 
-45 -57 
-44 -57 
-43 -57 
-42 -57 
-41 -57 
-40 -57 
-39 -57 
-38 -57 
-37 -57 
-36 -57 
-35 -57 
-34 -57 
-33 -57 
-32 -57 
-31 -57 
-30 -57 
-29 -57 
-28 -57 
-27 -57 
-26 -57 
-25 -57 
-24 -57 
-23 -57 
-22 -57 
-21 -57 
-20 -57 
-19 -57 
-18 -57 
-17 -57 
-16 -57 
-15 -57 
-14 -57 
-13 -57 
-12 -57 
-11 -57 
-10 -57 
-9 -57 
-8 -57 
-7 -57 
-6 -57 
-54 -56 
-53 -56 
-52 -56 
-51 -56 
-50 -56 
-49 -56 
-48 -56 
-47 -56 
-46 -56 
-45 -56 
-44 -56 
-43 -56 
-42 -56 
-41 -56 
-40 -56 
-39 -56 
-38 -56 
-37 -56 
-36 -56 
-35 -56 
-34 -56 
-33 -56 
-32 -56 
-31 -56 
-30 -56 
-29 -56 
-28 -56 
-27 -56 
-26 -56 
-25 -56 
-24 -56 
-23 -56 
-22 -56 
-21 -56 
-20 -56 
-19 -56 
-18 -56 
-17 -56 
-16 -56 
-15 -56 
-14 -56 
-13 -56 
-12 -56 
-11 -56 
-10 -56 
-9 -56 
-8 -56 
-7 -56 
-6 -56 
-53 -55 
-52 -55 
-51 -55 
-50 -55 
-49 -55 
-48 -55 
-47 -55 
-46 -55 
-45 -55 
-44 -55 
-43 -55 
-42 -55 
-41 -55 
-40 -55 
-39 -55 
-38 -55 
-37 -55 
-36 -55 
-35 -55 
-34 -55 
-33 -55 
-32 -55 
-31 -55 
-30 -55 
-29 -55 
-28 -55 
-27 -55 
-26 -55 
-25 -55 
-24 -55 
-23 -55 
-22 -55 
-21 -55 
-20 -55 
-19 -55 
-18 -55 
-17 -55 
-16 -55 
-15 -55 
-14 -55 
-13 -55 
-12 -55 
-11 -55 
-10 -55 
-9 -55 
-8 -55 
-7 -55 
-6 -55 
-52 -54 
-51 -54 
-50 -54 
-49 -54 
-48 -54 
-47 -54 
-46 -54 
-45 -54 
-44 -54 
-43 -54 
-42 -54 
-41 -54 
-40 -54 
-39 -54 
-38 -54 
-37 -54 
-36 -54 
-35 -54 
-34 -54 
-33 -54 
-32 -54 
-31 -54 
-30 -54 
-29 -54 
-28 -54 
-27 -54 
-26 -54 
-25 -54 
-24 -54 
-23 -54 
-22 -54 
-21 -54 
-20 -54 
-19 -54 
-18 -54 
-17 -54 
-16 -54 
-15 -54 
-14 -54 
-13 -54 
-12 -54 
-11 -54 
-10 -54 
-9 -54 
-8 -54 
-7 -54 
-6 -54 
-51 -53 
-50 -53 
-49 -53 
-48 -53 
-47 -53 
-46 -53 
-45 -53 
-44 -53 
-43 -53 
-42 -53 
-41 -53 
-40 -53 
-39 -53 
-38 -53 
-37 -53 
-36 -53 
-35 -53 
-34 -53 
-33 -53 
-32 -53 
-31 -53 
-30 -53 
-29 -53 
-28 -53 
-27 -53 
-26 -53 
-25 -53 
-24 -53 
-23 -53 
-22 -53 
-21 -53 
-20 -53 
-19 -53 
-18 -53 
-17 -53 
-16 -53 
-15 -53 
-14 -53 
-13 -53 
-12 -53 
-11 -53 
-10 -53 
-9 -53 
-8 -53 
-7 -53 
-6 -53 
-50 -52 
-49 -52 
-48 -52 
-47 -52 
-46 -52 
-45 -52 
-44 -52 
-43 -52 
-42 -52 
-41 -52 
-40 -52 
-39 -52 
-38 -52 
-37 -52 
-36 -52 
-35 -52 
-34 -52 
-33 -52 
-32 -52 
-31 -52 
-30 -52 
-29 -52 
-28 -52 
-27 -52 
-26 -52 
-25 -52 
-24 -52 
-23 -52 
-22 -52 
-21 -52 
-20 -52 
-19 -52 
-18 -52 
-17 -52 
-16 -52 
-15 -52 
-14 -52 
-13 -52 
-12 -52 
-11 -52 
-10 -52 
-9 -52 
-8 -52 
-7 -52 
-6 -52 
-49 -51 
-48 -51 
-47 -51 
-46 -51 
-45 -51 
-44 -51 
-43 -51 
-42 -51 
-41 -51 
-40 -51 
-39 -51 
-38 -51 
-37 -51 
-36 -51 
-35 -51 
-34 -51 
-33 -51 
-32 -51 
-31 -51 
-30 -51 
-29 -51 
-28 -51 
-27 -51 
-26 -51 
-25 -51 
-24 -51 
-23 -51 
-22 -51 
-21 -51 
-20 -51 
-19 -51 
-18 -51 
-17 -51 
-16 -51 
-15 -51 
-14 -51 
-13 -51 
-12 -51 
-11 -51 
-10 -51 
-9 -51 
-8 -51 
-7 -51 
-6 -51 
-80 -80 
-79 -79 
-78 -78 
-77 -77 
-76 -76 
-75 -75 
-74 -74 
-73 -73 
-72 -72 
-71 -71 
-70 -70 
-69 -69 
-68 -68 
-67 -67 
-66 -66 
-65 -65 
-64 -64 
-63 -63 
-62 -62 
-61 -61 
-60 -60 
-59 -59 
-58 -58 
-57 -57 
-56 -56 
-55 -55 
-54 -54 
-53 -53 
-52 -52 
-51 -51 
