-5 -50 
-5 -49 
-5 -48 
-5 -47 
-5 -46 
-5 -45 
-5 -44 
-5 -43 
-5 -42 
-5 -41 
-5 -40 
-5 -39 
-5 -38 
-5 -37 
-5 -36 
-5 -35 
-5 -34 
-5 -33 
-4 -33 
-4 -32 
-4 -31 
-4 -30 
-4 -29 
-4 -28 
-4 -27 
-4 -26 
-4 -25 
-4 -24 
-4 -23 
-4 -22 
-4 -21 
-4 -20 
-4 -19 
-4 -18 
-4 -17 
-4 -16 
-4 -15 
-4 -14 
-4 -13 
-4 -12 
-4 -11 
-4 -10 
-4 -9 
-4 -8 
-4 -7 
-4 -6 
-3 -5 
-2 -4 
-4 -50 
-4 -49 
-4 -48 
-4 -47 
-4 -46 
-4 -45 
-4 -44 
-4 -43 
-4 -42 
-4 -41 
-4 -40 
-4 -39 
-4 -38 
-4 -37 
-4 -36 
-4 -35 
-4 -34 
-3 -32 
-3 -31 
-3 -30 
-3 -29 
-3 -28 
-3 -27 
-3 -26 
-3 -25 
-3 -24 
-3 -23 
-3 -22 
-3 -21 
-3 -20 
-3 -19 
-3 -18 
-3 -17 
-3 -16 
-3 -15 
-3 -14 
-3 -13 
-3 -12 
-3 -11 
-3 -10 
-3 -9 
-3 -8 
-3 -7 
-6 -80 
-6 -79 
-6 -78 
-6 -77 
-6 -76 
-6 -75 
-6 -74 
-6 -73 
-6 -72 
-6 -71 
-6 -70 
-6 -69 
-6 -68 
-6 -67 
-6 -66 
-6 -65 
-6 -64 
-6 -63 
-5 -63 
-5 -62 
-5 -61 
-5 -60 
-5 -59 
-5 -58 
-5 -57 
-5 -56 
-5 -55 
-5 -54 
-5 -53 
-78 -80 
-77 -79 
-76 -78 
-75 -77 
-74 -76 
-73 -75 
-72 -74 
-71 -73 
-70 -72 
-69 -71 
-68 -70 
-67 -69 
-66 -68 
-65 -67 
-64 -66 
-63 -65 
-5 -80 
-5 -79 
-5 -78 
-5 -77 
-5 -76 
-5 -75 
-5 -74 
-5 -73 
-5 -72 
-5 -71 
-5 -70 
-5 -69 
-5 -68 
-5 -67 
-5 -66 
-5 -65 
-5 -64 
-4 -62 
-4 -61 
-4 -60 
-4 -59 
-4 -58 
-4 -57 
-4 -56 
-4 -55 
-4 -54 
-4 -53 
