-32 -50 
-31 -50 
-30 -50 
-29 -50 
-28 -50 
-27 -50 
-26 -50 
-25 -50 
-24 -50 
-23 -50 
-22 -50 
-21 -50 
-20 -50 
-19 -50 
-18 -50 
-17 -50 
-16 -50 
-32 -49 
-31 -49 
-30 -49 
-29 -49 
-28 -49 
-27 -49 
-26 -49 
-25 -49 
-24 -49 
-23 -49 
-22 -49 
-21 -49 
-20 -49 
-19 -49 
-18 -49 
-17 -49 
-16 -49 
-31 -48 
-30 -48 
-29 -48 
-28 -48 
-27 -48 
-26 -48 
-25 -48 
-24 -48 
-23 -48 
-22 -48 
-21 -48 
-20 -48 
-19 -48 
-18 -48 
-17 -48 
-16 -48 
-31 -47 
-30 -47 
-29 -47 
-28 -47 
-27 -47 
-26 -47 
-25 -47 
-24 -47 
-23 -47 
-22 -47 
-21 -47 
-20 -47 
-19 -47 
-18 -47 
-17 -47 
-16 -47 
-30 -46 
-29 -46 
-28 -46 
-27 -46 
-26 -46 
-25 -46 
-24 -46 
-23 -46 
-22 -46 
-21 -46 
-20 -46 
-19 -46 
-18 -46 
-17 -46 
-16 -46 
-15 -46 
-29 -45 
-28 -45 
-27 -45 
-26 -45 
-25 -45 
-24 -45 
-23 -45 
-22 -45 
-21 -45 
-20 -45 
-19 -45 
-18 -45 
-17 -45 
-16 -45 
-15 -45 
-29 -44 
-28 -44 
-27 -44 
-26 -44 
-25 -44 
-24 -44 
-23 -44 
-22 -44 
-21 -44 
-20 -44 
-19 -44 
-18 -44 
-17 -44 
-16 -44 
-15 -44 
-28 -43 
-27 -43 
-26 -43 
-25 -43 
-24 -43 
-23 -43 
-22 -43 
-21 -43 
-20 -43 
-19 -43 
-18 -43 
-17 -43 
-16 -43 
-15 -43 
-28 -42 
-27 -42 
-26 -42 
-25 -42 
-24 -42 
-23 -42 
-22 -42 
-21 -42 
-20 -42 
-19 -42 
-18 -42 
-17 -42 
-16 -42 
-15 -42 
-14 -42 
-27 -41 
-26 -41 
-25 -41 
-24 -41 
-23 -41 
-22 -41 
-21 -41 
-20 -41 
-19 -41 
-18 -41 
-17 -41 
-16 -41 
-15 -41 
-14 -41 
-26 -40 
-25 -40 
-24 -40 
-23 -40 
-22 -40 
-21 -40 
-20 -40 
-19 -40 
-18 -40 
-17 -40 
-16 -40 
-15 -40 
-14 -40 
-26 -39 
-25 -39 
-24 -39 
-23 -39 
-22 -39 
-21 -39 
-20 -39 
-19 -39 
-18 -39 
-17 -39 
-16 -39 
-15 -39 
-14 -39 
-25 -38 
-24 -38 
-23 -38 
-22 -38 
-21 -38 
-20 -38 
-19 -38 
-18 -38 
-17 -38 
-16 -38 
-15 -38 
-14 -38 
-13 -38 
-25 -37 
-24 -37 
-23 -37 
-22 -37 
-21 -37 
-20 -37 
-19 -37 
-18 -37 
-17 -37 
-16 -37 
-15 -37 
-14 -37 
-13 -37 
-24 -36 
-23 -36 
-22 -36 
-21 -36 
-20 -36 
-19 -36 
-18 -36 
-17 -36 
-16 -36 
-15 -36 
-14 -36 
-13 -36 
-23 -35 
-22 -35 
-21 -35 
-20 -35 
-19 -35 
-18 -35 
-17 -35 
-16 -35 
-15 -35 
-14 -35 
-13 -35 
-23 -34 
-22 -34 
-21 -34 
-20 -34 
-19 -34 
-18 -34 
-17 -34 
-16 -34 
-15 -34 
-14 -34 
-13 -34 
-12 -34 
-22 -33 
-21 -33 
-20 -33 
-19 -33 
-18 -33 
-17 -33 
-16 -33 
-15 -33 
-14 -33 
-13 -33 
-12 -33 
-22 -32 
-21 -32 
-20 -32 
-19 -32 
-18 -32 
-17 -32 
-16 -32 
-15 -32 
-14 -32 
-13 -32 
-12 -32 
-21 -31 
-20 -31 
-19 -31 
-18 -31 
-17 -31 
-16 -31 
-15 -31 
-14 -31 
-13 -31 
-12 -31 
-20 -30 
-19 -30 
-18 -30 
-17 -30 
-16 -30 
-15 -30 
-14 -30 
-13 -30 
-12 -30 
-11 -30 
-20 -29 
-19 -29 
-18 -29 
-17 -29 
-16 -29 
-15 -29 
-14 -29 
-13 -29 
-12 -29 
-11 -29 
-19 -28 
-18 -28 
-17 -28 
-16 -28 
-15 -28 
-14 -28 
-13 -28 
-12 -28 
-11 -28 
-19 -27 
-18 -27 
-17 -27 
-16 -27 
-15 -27 
-14 -27 
-13 -27 
-12 -27 
-11 -27 
-18 -26 
-17 -26 
-16 -26 
-15 -26 
-14 -26 
-13 -26 
-12 -26 
-11 -26 
-10 -26 
-17 -25 
-16 -25 
-15 -25 
-14 -25 
-13 -25 
-12 -25 
-11 -25 
-10 -25 
-17 -24 
-16 -24 
-15 -24 
-14 -24 
-13 -24 
-12 -24 
-11 -24 
-10 -24 
-16 -23 
-15 -23 
-14 -23 
-13 -23 
-12 -23 
-11 -23 
-10 -23 
-16 -22 
-15 -22 
-14 -22 
-13 -22 
-12 -22 
-11 -22 
-10 -22 
-9 -22 
-15 -21 
-14 -21 
-13 -21 
-12 -21 
-11 -21 
-10 -21 
-9 -21 
-14 -20 
-13 -20 
-12 -20 
-11 -20 
-10 -20 
-9 -20 
-14 -19 
-13 -19 
-12 -19 
-11 -19 
-10 -19 
-9 -19 
-13 -18 
-12 -18 
-11 -18 
-10 -18 
-9 -18 
-8 -18 
-13 -17 
-12 -17 
-11 -17 
-10 -17 
-9 -17 
-8 -17 
-12 -16 
-11 -16 
-10 -16 
-9 -16 
-8 -16 
-11 -15 
-10 -15 
-9 -15 
-8 -15 
-11 -14 
-10 -14 
-9 -14 
-8 -14 
-7 -14 
-10 -13 
-9 -13 
-8 -13 
-7 -13 
-10 -12 
-9 -12 
-8 -12 
-7 -12 
-9 -11 
-8 -11 
-7 -11 
-8 -10 
-7 -10 
-6 -10 
-8 -9 
-7 -9 
-6 -9 
-7 -8 
-6 -8 
-7 -7 
-6 -7 
-6 -6 
-5 -6 
-5 -5 
-50 -50 
-49 -49 
-48 -48 
-47 -47 
-46 -46 
-45 -45 
-44 -44 
-43 -43 
-42 -42 
-41 -41 
-40 -40 
-39 -39 
-38 -38 
-37 -37 
-36 -36 
-35 -35 
-34 -34 
-33 -33 
-32 -32 
-31 -31 
-30 -30 
-29 -29 
-28 -28 
-27 -27 
-26 -26 
-25 -25 
-24 -24 
-23 -23 
-22 -22 
-21 -21 
-20 -20 
-19 -19 
-18 -18 
-17 -17 
-16 -16 
-15 -15 
-14 -14 
-13 -13 
-12 -12 
-11 -11 
-10 -10 
-9 -9 
-8 -8 
-4 -4 
