-11 -50 
-11 -49 
-11 -48 
-11 -47 
-11 -46 
-11 -45 
-10 -45 
-10 -44 
-10 -43 
-10 -42 
-10 -41 
-10 -40 
-10 -39 
-9 -39 
-9 -38 
-9 -37 
-9 -36 
-9 -35 
-9 -34 
-9 -33 
-8 -33 
-8 -32 
-8 -31 
-8 -30 
-8 -29 
-8 -28 
-8 -27 
-7 -27 
-7 -26 
-7 -25 
-7 -24 
-7 -23 
-7 -22 
-7 -21 
-6 -21 
-6 -20 
-6 -19 
-6 -18 
-6 -17 
-6 -16 
-6 -15 
-5 -15 
-5 -14 
-5 -13 
-5 -12 
-5 -11 
-5 -10 
-5 -9 
-4 -9 
-4 -8 
-4 -7 
-4 -6 
-48 -50 
-47 -49 
-46 -48 
-45 -47 
-44 -46 
-43 -45 
-42 -44 
-41 -43 
-40 -42 
-39 -41 
-38 -40 
-37 -39 
-36 -38 
-35 -37 
-34 -36 
-33 -35 
-32 -34 
-31 -33 
-30 -32 
-29 -31 
-28 -30 
-27 -29 
-26 -28 
-25 -27 
-24 -26 
-23 -25 
-22 -24 
-21 -23 
-20 -22 
-19 -21 
-18 -20 
-17 -19 
-16 -18 
-15 -17 
-3 -5 
-2 -4 
-10 -50 
-10 -49 
-10 -48 
-10 -47 
-10 -46 
-9 -44 
-9 -43 
-9 -42 
-9 -41 
-9 -40 
-8 -38 
-8 -37 
-8 -36 
-8 -35 
-8 -34 
-7 -32 
-7 -31 
-7 -30 
-7 -29 
-7 -28 
-6 -26 
-6 -25 
-6 -24 
-6 -23 
-6 -22 
-5 -20 
-5 -19 
-5 -18 
-5 -17 
-5 -16 
-4 -14 
-4 -13 
-4 -12 
-4 -11 
-4 -10 
-3 -8 
-3 -7 
