-8 -20 -25 
-7 -20 -25 
-6 -20 -25 
-5 -20 -25 
-8 -19 -25 
-7 -19 -25 
-6 -19 -25 
-5 -19 -25 
-8 -18 -25 
-7 -18 -25 
-6 -18 -25 
-5 -18 -25 
-8 -17 -25 
-7 -17 -25 
-6 -17 -25 
-5 -17 -25 
-8 -16 -25 
-7 -16 -25 
-6 -16 -25 
-5 -16 -25 
-8 -15 -25 
-7 -15 -25 
-6 -15 -25 
-5 -15 -25 
-8 -14 -25 
-7 -14 -25 
-6 -14 -25 
-5 -14 -25 
-8 -13 -25 
-7 -13 -25 
-6 -13 -25 
-5 -13 -25 
-8 -12 -25 
-7 -12 -25 
-6 -12 -25 
-5 -12 -25 
-8 -11 -25 
-7 -11 -25 
-6 -11 -25 
-5 -11 -25 
-8 -10 -25 
-7 -10 -25 
-6 -10 -25 
-5 -10 -25 
-7 -9 -25 
-6 -9 -25 
-5 -9 -25 
-6 -8 -25 
-5 -8 -25 
-5 -7 -25 
-7 -19 -24 
-6 -19 -24 
-5 -19 -24 
-7 -18 -24 
-6 -18 -24 
-5 -18 -24 
-7 -17 -24 
-6 -17 -24 
-5 -17 -24 
-7 -16 -24 
-6 -16 -24 
-5 -16 -24 
-7 -15 -24 
-6 -15 -24 
-5 -15 -24 
-7 -14 -24 
-6 -14 -24 
-5 -14 -24 
-7 -13 -24 
-6 -13 -24 
-5 -13 -24 
-7 -12 -24 
-6 -12 -24 
-5 -12 -24 
-7 -11 -24 
-6 -11 -24 
-5 -11 -24 
-7 -10 -24 
-6 -10 -24 
-5 -10 -24 
-7 -9 -24 
-6 -9 -24 
-5 -9 -24 
-6 -8 -24 
-5 -8 -24 
-5 -7 -24 
-5 -6 -24 
-6 -18 -23 
-5 -18 -23 
-6 -17 -23 
-5 -17 -23 
-6 -16 -23 
-5 -16 -23 
-6 -15 -23 
-5 -15 -23 
-6 -14 -23 
-5 -14 -23 
-7 -13 -23 
-6 -13 -23 
-5 -13 -23 
-7 -12 -23 
-6 -12 -23 
-5 -12 -23 
-6 -11 -23 
-5 -11 -23 
-7 -10 -23 
-6 -10 -23 
-5 -10 -23 
-7 -9 -23 
-6 -9 -23 
-5 -9 -23 
-6 -8 -23 
-5 -8 -23 
-6 -7 -23 
-5 -7 -23 
-5 -6 -23 
-6 -18 -22 
-5 -18 -22 
-5 -17 -22 
-5 -16 -22 
-5 -15 -22 
-5 -14 -22 
-6 -13 -22 
-5 -13 -22 
-5 -12 -22 
-5 -11 -22 
-6 -10 -22 
-5 -10 -22 
-7 -9 -22 
-6 -9 -22 
-5 -9 -22 
-7 -8 -22 
-6 -8 -22 
-5 -8 -22 
-6 -7 -22 
-5 -7 -22 
-5 -6 -22 
-6 -17 -21 
-5 -17 -21 
-5 -16 -21 
-5 -15 -21 
-5 -14 -21 
-5 -13 -21 
-6 -12 -21 
-5 -12 -21 
-5 -11 -21 
-6 -10 -21 
-5 -10 -21 
-6 -9 -21 
-5 -9 -21 
-7 -8 -21 
-6 -8 -21 
-5 -8 -21 
-5 -7 -21 
-5 -6 -21 
-5 -16 -20 
-4 -16 -20 
-5 -15 -20 
-4 -15 -20 
-5 -14 -20 
-4 -14 -20 
-5 -13 -20 
-4 -13 -20 
-5 -12 -20 
-4 -12 -20 
-6 -11 -20 
-5 -11 -20 
-4 -11 -20 
-6 -10 -20 
-5 -10 -20 
-4 -10 -20 
-5 -9 -20 
-4 -9 -20 
-6 -8 -20 
-5 -8 -20 
-4 -8 -20 
-5 -7 -20 
-4 -7 -20 
-5 -6 -20 
-4 -6 -20 
-4 -5 -20 
-5 -15 -19 
-4 -15 -19 
-5 -14 -19 
-4 -14 -19 
-5 -13 -19 
-4 -13 -19 
-5 -12 -19 
-4 -12 -19 
-5 -11 -19 
-4 -11 -19 
-6 -10 -19 
-5 -10 -19 
-4 -10 -19 
-5 -9 -19 
-4 -9 -19 
-5 -8 -19 
-4 -8 -19 
-5 -7 -19 
-4 -7 -19 
-4 -6 -19 
-4 -5 -19 
-5 -14 -18 
-4 -14 -18 
-5 -13 -18 
-4 -13 -18 
-5 -12 -18 
-4 -12 -18 
-5 -11 -18 
-4 -11 -18 
-5 -10 -18 
-4 -10 -18 
-4 -9 -18 
-4 -8 -18 
-4 -7 -18 
-4 -6 -18 
-4 -5 -18 
-5 -13 -17 
-4 -13 -17 
-5 -12 -17 
-4 -12 -17 
-5 -11 -17 
-4 -11 -17 
-5 -10 -17 
-4 -10 -17 
-4 -9 -17 
-4 -8 -17 
-4 -7 -17 
-4 -6 -17 
-4 -5 -17 
-5 -13 -16 
-4 -13 -16 
-5 -12 -16 
-4 -12 -16 
-5 -11 -16 
-4 -11 -16 
-5 -10 -16 
-4 -10 -16 
-5 -9 -16 
-4 -9 -16 
-4 -8 -16 
-4 -7 -16 
-4 -6 -16 
-4 -5 -16 
-4 -4 -16 
-5 -12 -15 
-4 -12 -15 
-5 -11 -15 
-4 -11 -15 
-5 -10 -15 
-4 -10 -15 
-5 -9 -15 
-4 -9 -15 
-5 -8 -15 
-4 -8 -15 
-4 -7 -15 
-4 -6 -15 
-5 -5 -15 
-4 -5 -15 
-4 -4 -15 
-5 -11 -14 
-4 -11 -14 
-5 -10 -14 
-4 -10 -14 
-5 -9 -14 
-4 -9 -14 
-4 -8 -14 
-4 -7 -14 
-6 -6 -14 
-4 -6 -14 
-5 -5 -14 
-4 -5 -14 
-4 -4 -14 
-5 -10 -13 
-4 -10 -13 
-6 -9 -13 
-5 -9 -13 
-4 -9 -13 
-5 -8 -13 
-4 -8 -13 
-4 -7 -13 
-6 -6 -13 
-4 -6 -13 
-5 -5 -13 
-4 -5 -13 
-4 -4 -13 
-5 -9 -12 
-4 -9 -12 
-6 -8 -12 
-5 -8 -12 
-4 -8 -12 
-4 -7 -12 
-4 -6 -12 
-5 -5 -12 
-4 -5 -12 
-4 -4 -12 
-4 -9 -11 
-5 -8 -11 
-4 -8 -11 
-5 -7 -11 
-4 -7 -11 
-5 -6 -11 
-4 -6 -11 
-5 -5 -11 
-4 -5 -11 
-4 -4 -11 
-5 -8 -10 
-4 -8 -10 
-3 -8 -10 
-5 -7 -10 
-4 -7 -10 
-3 -7 -10 
-5 -6 -10 
-4 -6 -10 
-3 -6 -10 
-5 -5 -10 
-4 -5 -10 
-3 -5 -10 
-4 -4 -10 
-3 -4 -10 
-3 -3 -10 
-5 -7 -9 
-4 -7 -9 
-3 -7 -9 
-5 -6 -9 
-4 -6 -9 
-3 -6 -9 
-5 -5 -9 
-4 -5 -9 
-3 -5 -9 
-4 -4 -9 
-3 -4 -9 
-3 -3 -9 
-4 -6 -8 
-3 -6 -8 
-4 -5 -8 
-3 -5 -8 
-4 -4 -8 
-3 -4 -8 
-3 -3 -8 
-5 -5 -7 
-3 -5 -7 
-3 -4 -7 
-3 -3 -7 
-4 -4 -6 
-3 -3 -5 
-7 -7 -25 
-6 -6 -25 
-5 -5 -25 
-4 -4 -25 
-7 -7 -24 
-6 -6 -24 
-5 -5 -24 
-4 -4 -24 
-7 -7 -23 
-6 -6 -23 
-5 -5 -23 
-4 -4 -23 
-6 -6 -22 
-5 -5 -22 
-4 -4 -22 
-6 -6 -21 
-5 -5 -21 
-4 -4 -21 
-6 -6 -20 
-5 -5 -20 
-4 -4 -20 
-3 -3 -20 
-6 -6 -19 
-5 -5 -19 
-4 -4 -19 
-3 -3 -19 
-6 -6 -18 
-5 -5 -18 
-4 -4 -18 
-3 -3 -18 
-5 -5 -17 
-4 -4 -17 
-3 -3 -17 
-6 -6 -16 
-5 -5 -16 
-3 -3 -16 
-6 -6 -15 
-3 -3 -15 
-3 -3 -14 
-3 -3 -13 
-3 -3 -12 
-3 -3 -11 
-2 -2 -10 
-2 -2 -9 
-2 -2 -8 
-2 -2 -7 
-2 -2 -6 
-2 -2 -4 
-21 -23 -25 
-20 -23 -25 
-19 -23 -25 
-18 -23 -25 
-17 -23 -25 
-16 -23 -25 
-15 -23 -25 
-14 -23 -25 
-13 -23 -25 
-12 -23 -25 
-11 -23 -25 
-10 -23 -25 
-9 -23 -25 
-8 -23 -25 
-7 -23 -25 
-6 -23 -25 
-5 -23 -25 
-8 -22 -24 
-7 -22 -24 
-6 -22 -24 
-5 -22 -24 
-8 -21 -23 
-7 -21 -23 
-6 -21 -23 
-5 -21 -23 
-7 -20 -22 
-6 -20 -22 
-5 -20 -22 
-7 -19 -21 
-6 -19 -21 
-5 -19 -21 
-4 -19 -21 
-7 -18 -20 
-6 -18 -20 
-5 -18 -20 
-4 -18 -20 
-7 -17 -19 
-6 -17 -19 
-5 -17 -19 
-4 -17 -19 
-6 -16 -18 
-5 -16 -18 
-4 -16 -18 
-6 -15 -17 
-5 -15 -17 
-4 -15 -17 
-6 -14 -16 
-5 -14 -16 
-4 -14 -16 
-6 -13 -15 
-5 -13 -15 
-4 -13 -15 
-5 -12 -14 
-4 -12 -14 
-5 -11 -13 
-4 -11 -13 
-4 -10 -12 
-3 -9 -11 
-1 -1 -3 
