-6 -7 -21 
-7 -8 -20 
-6 -7 -20 
-7 -8 -19 
-6 -7 -19 
-7 -8 -18 
-6 -7 -18 
-7 -8 -17 
-6 -7 -17 
-6 -7 -16 
-6 -7 -15 
-6 -7 -14 
-6 -7 -13 
-5 -6 -13 
-6 -7 -12 
-5 -6 -12 
-6 -7 -11 
-22 -23 -25 
-21 -22 -24 
-20 -21 -23 
-19 -20 -22 
-18 -19 -21 
-17 -18 -20 
-6 -7 -9 
-5 -6 -8 
-4 -5 -7 
-3 -4 -6 
-2 -3 -5 
-1 -2 -4 
-6 -12 -22 
-6 -11 -22 
-6 -11 -21 
-6 -9 -20 
-6 -11 -19 
-6 -9 -19 
-6 -8 -19 
-6 -10 -18 
-6 -9 -18 
-5 -9 -18 
-6 -8 -18 
-5 -8 -18 
-5 -7 -18 
-6 -9 -17 
-5 -9 -17 
-6 -8 -17 
-5 -8 -17 
-5 -7 -17 
-6 -9 -16 
-6 -8 -16 
-5 -8 -16 
-5 -7 -16 
-5 -6 -16 
-6 -9 -15 
-6 -8 -15 
-5 -7 -15 
-5 -6 -15 
-6 -9 -14 
-6 -8 -14 
-5 -8 -14 
-5 -7 -14 
-5 -6 -14 
-6 -8 -13 
-5 -7 -13 
-5 -7 -12 
-5 -6 -19 
-5 -6 -18 
-5 -6 -17 
