-8 -20 -24 
-8 -19 -24 
-8 -18 -24 
-8 -17 -24 
-8 -16 -24 
-8 -15 -24 
-8 -14 -24 
-8 -13 -24 
-8 -19 -23 
-8 -18 -23 
-8 -17 -23 
-8 -16 -23 
-8 -15 -23 
-8 -14 -23 
-8 -13 -23 
-7 -18 -22 
-7 -17 -22 
-7 -16 -22 
-7 -15 -22 
-7 -14 -22 
-7 -13 -22 
-7 -17 -21 
-7 -16 -21 
-7 -15 -21 
-7 -14 -21 
-7 -13 -21 
-7 -12 -21 
-7 -17 -20 
-7 -16 -20 
-7 -15 -20 
-7 -14 -20 
-7 -13 -20 
-7 -12 -20 
-7 -16 -19 
-7 -15 -19 
-7 -14 -19 
-7 -13 -19 
-7 -12 -19 
-7 -15 -18 
-7 -14 -18 
-7 -13 -18 
-7 -12 -18 
-7 -14 -17 
-7 -13 -17 
-7 -12 -17 
-7 -11 -17 
-7 -9 -17 
-7 -13 -16 
-7 -12 -16 
-7 -11 -16 
-7 -10 -16 
-7 -9 -16 
-7 -13 -15 
-7 -12 -15 
-7 -11 -15 
-7 -10 -15 
-7 -9 -15 
-7 -12 -14 
-7 -11 -14 
-7 -10 -14 
-7 -9 -14 
-7 -12 -13 
-7 -11 -13 
-7 -10 -13 
-7 -9 -13 
-6 -12 -12 
-6 -11 -12 
-6 -10 -12 
-6 -9 -12 
-6 -11 -11 
-6 -10 -11 
-6 -9 -11 
-6 -8 -11 
-6 -10 -10 
-6 -9 -10 
-6 -8 -10 
-6 -9 -9 
-6 -8 -9 
-6 -8 -8 
-8 -10 -24 
-8 -10 -23 
-7 -9 -21 
-7 -9 -20 
-7 -9 -19 
-7 -9 -18 
-7 -17 -17 
-7 -16 -16 
-7 -15 -15 
-7 -14 -14 
-5 -11 -11 
-5 -10 -10 
-5 -9 -9 
-5 -7 -7 
-4 -6 -6 
-3 -5 -5 
-8 -12 -24 
-8 -11 -24 
-7 -18 -23 
-7 -17 -23 
-7 -16 -23 
-7 -15 -23 
-7 -14 -23 
-8 -12 -23 
-8 -11 -23 
-7 -11 -23 
-6 -17 -22 
-6 -16 -22 
-6 -15 -22 
-6 -14 -22 
-7 -12 -22 
-7 -11 -22 
-7 -10 -22 
-6 -16 -21 
-6 -15 -21 
-6 -14 -21 
-6 -13 -21 
-7 -11 -21 
-7 -10 -21 
-6 -16 -20 
-6 -15 -20 
-6 -14 -20 
-6 -13 -20 
-7 -11 -20 
-7 -10 -20 
-6 -15 -19 
-6 -14 -19 
-6 -13 -19 
-7 -11 -19 
-7 -10 -19 
-7 -17 -18 
-7 -16 -18 
-6 -14 -18 
-6 -13 -18 
-7 -11 -18 
-7 -10 -18 
-7 -16 -17 
-7 -15 -17 
-6 -13 -17 
-6 -12 -17 
-7 -10 -17 
-6 -10 -17 
-7 -15 -16 
-7 -14 -16 
-6 -13 -16 
-6 -12 -16 
-6 -11 -16 
-6 -10 -16 
-7 -14 -15 
-6 -14 -15 
-6 -12 -15 
-6 -11 -15 
-6 -10 -15 
-7 -13 -14 
-6 -13 -14 
-6 -12 -14 
-6 -11 -14 
-6 -10 -14 
-6 -13 -13 
-6 -12 -13 
-6 -11 -13 
-6 -10 -13 
-5 -12 -12 
-5 -11 -12 
-5 -10 -12 
-5 -10 -11 
-5 -9 -11 
-5 -9 -10 
-6 -17 -17 
-6 -16 -16 
-6 -15 -15 
-6 -14 -14 
-5 -13 -13 
