-25 -25 -25 
-24 -25 -25 
-23 -25 -25 
-22 -25 -25 
-21 -25 -25 
-20 -25 -25 
-19 -25 -25 
-18 -25 -25 
-17 -25 -25 
-16 -25 -25 
-15 -25 -25 
-14 -25 -25 
-13 -25 -25 
-12 -25 -25 
-11 -25 -25 
-10 -25 -25 
-9 -25 -25 
-8 -25 -25 
-7 -25 -25 
-24 -24 -25 
-23 -24 -25 
-22 -24 -25 
-21 -24 -25 
-20 -24 -25 
-19 -24 -25 
-18 -24 -25 
-17 -24 -25 
-16 -24 -25 
-15 -24 -25 
-14 -24 -25 
-13 -24 -25 
-12 -24 -25 
-11 -24 -25 
-10 -24 -25 
-9 -24 -25 
-8 -24 -25 
-7 -24 -25 
-23 -23 -25 
-22 -23 -25 
-21 -23 -25 
-20 -23 -25 
-19 -23 -25 
-18 -23 -25 
-17 -23 -25 
-16 -23 -25 
-15 -23 -25 
-14 -23 -25 
-13 -23 -25 
-12 -23 -25 
-11 -23 -25 
-10 -23 -25 
-9 -23 -25 
-8 -23 -25 
-7 -23 -25 
-22 -22 -25 
-21 -22 -25 
-20 -22 -25 
-19 -22 -25 
-18 -22 -25 
-17 -22 -25 
-16 -22 -25 
-15 -22 -25 
-14 -22 -25 
-13 -22 -25 
-12 -22 -25 
-11 -22 -25 
-10 -22 -25 
-9 -22 -25 
-8 -22 -25 
-7 -22 -25 
-21 -21 -25 
-20 -21 -25 
-19 -21 -25 
-18 -21 -25 
-17 -21 -25 
-16 -21 -25 
-15 -21 -25 
-14 -21 -25 
-13 -21 -25 
-12 -21 -25 
-11 -21 -25 
-10 -21 -25 
-9 -21 -25 
-8 -21 -25 
-7 -21 -25 
-20 -20 -25 
-19 -20 -25 
-18 -20 -25 
-17 -20 -25 
-16 -20 -25 
-15 -20 -25 
-14 -20 -25 
-13 -20 -25 
-12 -20 -25 
-11 -20 -25 
-10 -20 -25 
-9 -20 -25 
-8 -20 -25 
-7 -20 -25 
-19 -19 -25 
-18 -19 -25 
-17 -19 -25 
-16 -19 -25 
-15 -19 -25 
-14 -19 -25 
-13 -19 -25 
-12 -19 -25 
-11 -19 -25 
-10 -19 -25 
-9 -19 -25 
-8 -19 -25 
-7 -19 -25 
-18 -18 -25 
-17 -18 -25 
-16 -18 -25 
-15 -18 -25 
-14 -18 -25 
-13 -18 -25 
-12 -18 -25 
-11 -18 -25 
-10 -18 -25 
-9 -18 -25 
-8 -18 -25 
-7 -18 -25 
-17 -17 -25 
-16 -17 -25 
-15 -17 -25 
-14 -17 -25 
-13 -17 -25 
-12 -17 -25 
-11 -17 -25 
-10 -17 -25 
-9 -17 -25 
-8 -17 -25 
-7 -17 -25 
-16 -16 -25 
-15 -16 -25 
-14 -16 -25 
-13 -16 -25 
-12 -16 -25 
-11 -16 -25 
-10 -16 -25 
-9 -16 -25 
-8 -16 -25 
-7 -16 -25 
-15 -15 -25 
-14 -15 -25 
-13 -15 -25 
-12 -15 -25 
-11 -15 -25 
-10 -15 -25 
-9 -15 -25 
-8 -15 -25 
-7 -15 -25 
-14 -14 -25 
-13 -14 -25 
-12 -14 -25 
-11 -14 -25 
-10 -14 -25 
-9 -14 -25 
-8 -14 -25 
-7 -14 -25 
-13 -13 -25 
-12 -13 -25 
-11 -13 -25 
-10 -13 -25 
-9 -13 -25 
-8 -13 -25 
-7 -13 -25 
-12 -12 -25 
-11 -12 -25 
-10 -12 -25 
-9 -12 -25 
-8 -12 -25 
-7 -12 -25 
-11 -11 -25 
-10 -11 -25 
-9 -11 -25 
-8 -11 -25 
-7 -11 -25 
-10 -10 -25 
-9 -10 -25 
-8 -10 -25 
-7 -10 -25 
-9 -9 -25 
-8 -9 -25 
-7 -9 -25 
-8 -8 -25 
-7 -8 -25 
-7 -7 -25 
-24 -24 -24 
-23 -24 -24 
-22 -24 -24 
-21 -24 -24 
-20 -24 -24 
-19 -24 -24 
-18 -24 -24 
-17 -24 -24 
-16 -24 -24 
-15 -24 -24 
-14 -24 -24 
-13 -24 -24 
-12 -24 -24 
-11 -24 -24 
-10 -24 -24 
-9 -24 -24 
-8 -24 -24 
-7 -24 -24 
-23 -23 -24 
-22 -23 -24 
-21 -23 -24 
-20 -23 -24 
-19 -23 -24 
-18 -23 -24 
-17 -23 -24 
-16 -23 -24 
-15 -23 -24 
-14 -23 -24 
-13 -23 -24 
-12 -23 -24 
-11 -23 -24 
-10 -23 -24 
-9 -23 -24 
-8 -23 -24 
-7 -23 -24 
-22 -22 -24 
-21 -22 -24 
-20 -22 -24 
-19 -22 -24 
-18 -22 -24 
-17 -22 -24 
-16 -22 -24 
-15 -22 -24 
-14 -22 -24 
-13 -22 -24 
-12 -22 -24 
-11 -22 -24 
-10 -22 -24 
-9 -22 -24 
-8 -22 -24 
-7 -22 -24 
-21 -21 -24 
-20 -21 -24 
-19 -21 -24 
-18 -21 -24 
-17 -21 -24 
-16 -21 -24 
-15 -21 -24 
-14 -21 -24 
-13 -21 -24 
-12 -21 -24 
-11 -21 -24 
-10 -21 -24 
-9 -21 -24 
-8 -21 -24 
-7 -21 -24 
-20 -20 -24 
-19 -20 -24 
-18 -20 -24 
-17 -20 -24 
-16 -20 -24 
-15 -20 -24 
-14 -20 -24 
-13 -20 -24 
-12 -20 -24 
-11 -20 -24 
-10 -20 -24 
-9 -20 -24 
-8 -20 -24 
-7 -20 -24 
-19 -19 -24 
-18 -19 -24 
-17 -19 -24 
-16 -19 -24 
-15 -19 -24 
-14 -19 -24 
-13 -19 -24 
-12 -19 -24 
-11 -19 -24 
-10 -19 -24 
-9 -19 -24 
-8 -19 -24 
-7 -19 -24 
-18 -18 -24 
-17 -18 -24 
-16 -18 -24 
-15 -18 -24 
-14 -18 -24 
-13 -18 -24 
-12 -18 -24 
-11 -18 -24 
-10 -18 -24 
-9 -18 -24 
-8 -18 -24 
-7 -18 -24 
-17 -17 -24 
-16 -17 -24 
-15 -17 -24 
-14 -17 -24 
-13 -17 -24 
-12 -17 -24 
-11 -17 -24 
-10 -17 -24 
-9 -17 -24 
-8 -17 -24 
-7 -17 -24 
-16 -16 -24 
-15 -16 -24 
-14 -16 -24 
-13 -16 -24 
-12 -16 -24 
-11 -16 -24 
-10 -16 -24 
-9 -16 -24 
-8 -16 -24 
-7 -16 -24 
-15 -15 -24 
-14 -15 -24 
-13 -15 -24 
-12 -15 -24 
-11 -15 -24 
-10 -15 -24 
-9 -15 -24 
-8 -15 -24 
-7 -15 -24 
-14 -14 -24 
-13 -14 -24 
-12 -14 -24 
-11 -14 -24 
-10 -14 -24 
-9 -14 -24 
-8 -14 -24 
-7 -14 -24 
-13 -13 -24 
-12 -13 -24 
-11 -13 -24 
-10 -13 -24 
-9 -13 -24 
-8 -13 -24 
-7 -13 -24 
-12 -12 -24 
-11 -12 -24 
-10 -12 -24 
-9 -12 -24 
-8 -12 -24 
-7 -12 -24 
-11 -11 -24 
-10 -11 -24 
-9 -11 -24 
-8 -11 -24 
-7 -11 -24 
-10 -10 -24 
-9 -10 -24 
-8 -10 -24 
-7 -10 -24 
-9 -9 -24 
-8 -9 -24 
-7 -9 -24 
-8 -8 -24 
-7 -8 -24 
-7 -7 -24 
-23 -23 -23 
-22 -23 -23 
-21 -23 -23 
-20 -23 -23 
-19 -23 -23 
-18 -23 -23 
-17 -23 -23 
-16 -23 -23 
-15 -23 -23 
-14 -23 -23 
-13 -23 -23 
-12 -23 -23 
-11 -23 -23 
-10 -23 -23 
-9 -23 -23 
-8 -23 -23 
-7 -23 -23 
-22 -22 -23 
-21 -22 -23 
-20 -22 -23 
-19 -22 -23 
-18 -22 -23 
-17 -22 -23 
-16 -22 -23 
-15 -22 -23 
-14 -22 -23 
-13 -22 -23 
-12 -22 -23 
-11 -22 -23 
-10 -22 -23 
-9 -22 -23 
-8 -22 -23 
-7 -22 -23 
-21 -21 -23 
-20 -21 -23 
-19 -21 -23 
-18 -21 -23 
-17 -21 -23 
-16 -21 -23 
-15 -21 -23 
-14 -21 -23 
-13 -21 -23 
-12 -21 -23 
-11 -21 -23 
-10 -21 -23 
-9 -21 -23 
-8 -21 -23 
-7 -21 -23 
-20 -20 -23 
-19 -20 -23 
-18 -20 -23 
-17 -20 -23 
-16 -20 -23 
-15 -20 -23 
-14 -20 -23 
-13 -20 -23 
-12 -20 -23 
-11 -20 -23 
-10 -20 -23 
-9 -20 -23 
-8 -20 -23 
-7 -20 -23 
-19 -19 -23 
-18 -19 -23 
-17 -19 -23 
-16 -19 -23 
-15 -19 -23 
-14 -19 -23 
-13 -19 -23 
-12 -19 -23 
-11 -19 -23 
-10 -19 -23 
-9 -19 -23 
-8 -19 -23 
-7 -19 -23 
-18 -18 -23 
-17 -18 -23 
-16 -18 -23 
-15 -18 -23 
-14 -18 -23 
-13 -18 -23 
-12 -18 -23 
-11 -18 -23 
-10 -18 -23 
-9 -18 -23 
-8 -18 -23 
-7 -18 -23 
-17 -17 -23 
-16 -17 -23 
-15 -17 -23 
-14 -17 -23 
-13 -17 -23 
-12 -17 -23 
-11 -17 -23 
-10 -17 -23 
-9 -17 -23 
-8 -17 -23 
-7 -17 -23 
-16 -16 -23 
-15 -16 -23 
-14 -16 -23 
-13 -16 -23 
-12 -16 -23 
-11 -16 -23 
-10 -16 -23 
-9 -16 -23 
-8 -16 -23 
-7 -16 -23 
-15 -15 -23 
-14 -15 -23 
-13 -15 -23 
-12 -15 -23 
-11 -15 -23 
-10 -15 -23 
-9 -15 -23 
-8 -15 -23 
-7 -15 -23 
-14 -14 -23 
-13 -14 -23 
-12 -14 -23 
-11 -14 -23 
-10 -14 -23 
-9 -14 -23 
-8 -14 -23 
-7 -14 -23 
-13 -13 -23 
-12 -13 -23 
-11 -13 -23 
-10 -13 -23 
-9 -13 -23 
-8 -13 -23 
-7 -13 -23 
-12 -12 -23 
-11 -12 -23 
-10 -12 -23 
-9 -12 -23 
-8 -12 -23 
-7 -12 -23 
-11 -11 -23 
-10 -11 -23 
-9 -11 -23 
-8 -11 -23 
-7 -11 -23 
-10 -10 -23 
-9 -10 -23 
-8 -10 -23 
-7 -10 -23 
-9 -9 -23 
-8 -9 -23 
-7 -9 -23 
-8 -8 -23 
-7 -8 -23 
-7 -7 -23 
-22 -22 -22 
-21 -22 -22 
-20 -22 -22 
-19 -22 -22 
-18 -22 -22 
-17 -22 -22 
-16 -22 -22 
-15 -22 -22 
-14 -22 -22 
-13 -22 -22 
-12 -22 -22 
-11 -22 -22 
-10 -22 -22 
-9 -22 -22 
-8 -22 -22 
-7 -22 -22 
-21 -21 -22 
-20 -21 -22 
-19 -21 -22 
-18 -21 -22 
-17 -21 -22 
-16 -21 -22 
-15 -21 -22 
-14 -21 -22 
-13 -21 -22 
-12 -21 -22 
-11 -21 -22 
-10 -21 -22 
-9 -21 -22 
-8 -21 -22 
-7 -21 -22 
-20 -20 -22 
-19 -20 -22 
-18 -20 -22 
-17 -20 -22 
-16 -20 -22 
-15 -20 -22 
-14 -20 -22 
-13 -20 -22 
-12 -20 -22 
-11 -20 -22 
-10 -20 -22 
-9 -20 -22 
-8 -20 -22 
-7 -20 -22 
-19 -19 -22 
-18 -19 -22 
-17 -19 -22 
-16 -19 -22 
-15 -19 -22 
-14 -19 -22 
-13 -19 -22 
-12 -19 -22 
-11 -19 -22 
-10 -19 -22 
-9 -19 -22 
-8 -19 -22 
-7 -19 -22 
-18 -18 -22 
-17 -18 -22 
-16 -18 -22 
-15 -18 -22 
-14 -18 -22 
-13 -18 -22 
-12 -18 -22 
-11 -18 -22 
-10 -18 -22 
-9 -18 -22 
-8 -18 -22 
-7 -18 -22 
-17 -17 -22 
-16 -17 -22 
-15 -17 -22 
-14 -17 -22 
-13 -17 -22 
-12 -17 -22 
-11 -17 -22 
-10 -17 -22 
-9 -17 -22 
-8 -17 -22 
-7 -17 -22 
-16 -16 -22 
-15 -16 -22 
-14 -16 -22 
-13 -16 -22 
-12 -16 -22 
-11 -16 -22 
-10 -16 -22 
-9 -16 -22 
-8 -16 -22 
-7 -16 -22 
-15 -15 -22 
-14 -15 -22 
-13 -15 -22 
-12 -15 -22 
-11 -15 -22 
-10 -15 -22 
-9 -15 -22 
-8 -15 -22 
-7 -15 -22 
-14 -14 -22 
-13 -14 -22 
-12 -14 -22 
-11 -14 -22 
-10 -14 -22 
-9 -14 -22 
-8 -14 -22 
-7 -14 -22 
-13 -13 -22 
-12 -13 -22 
-11 -13 -22 
-10 -13 -22 
-9 -13 -22 
-8 -13 -22 
-7 -13 -22 
-12 -12 -22 
-11 -12 -22 
-10 -12 -22 
-9 -12 -22 
-8 -12 -22 
-7 -12 -22 
-11 -11 -22 
-10 -11 -22 
-9 -11 -22 
-8 -11 -22 
-7 -11 -22 
-10 -10 -22 
-9 -10 -22 
-8 -10 -22 
-7 -10 -22 
-9 -9 -22 
-8 -9 -22 
-7 -9 -22 
-8 -8 -22 
-7 -8 -22 
-7 -7 -22 
-21 -21 -21 
-20 -21 -21 
-19 -21 -21 
-18 -21 -21 
-17 -21 -21 
-16 -21 -21 
-15 -21 -21 
-14 -21 -21 
-13 -21 -21 
-12 -21 -21 
-11 -21 -21 
-10 -21 -21 
-9 -21 -21 
-8 -21 -21 
-7 -21 -21 
-20 -20 -21 
-19 -20 -21 
-18 -20 -21 
-17 -20 -21 
-16 -20 -21 
-15 -20 -21 
-14 -20 -21 
-13 -20 -21 
-12 -20 -21 
-11 -20 -21 
-10 -20 -21 
-9 -20 -21 
-8 -20 -21 
-7 -20 -21 
-19 -19 -21 
-18 -19 -21 
-17 -19 -21 
-16 -19 -21 
-15 -19 -21 
-14 -19 -21 
-13 -19 -21 
-12 -19 -21 
-11 -19 -21 
-10 -19 -21 
-9 -19 -21 
-8 -19 -21 
-7 -19 -21 
-18 -18 -21 
-17 -18 -21 
-16 -18 -21 
-15 -18 -21 
-14 -18 -21 
-13 -18 -21 
-12 -18 -21 
-11 -18 -21 
-10 -18 -21 
-9 -18 -21 
-8 -18 -21 
-7 -18 -21 
-17 -17 -21 
-16 -17 -21 
-15 -17 -21 
-14 -17 -21 
-13 -17 -21 
-12 -17 -21 
-11 -17 -21 
-10 -17 -21 
-9 -17 -21 
-8 -17 -21 
-7 -17 -21 
-16 -16 -21 
-15 -16 -21 
-14 -16 -21 
-13 -16 -21 
-12 -16 -21 
-11 -16 -21 
-10 -16 -21 
-9 -16 -21 
-8 -16 -21 
-7 -16 -21 
-15 -15 -21 
-14 -15 -21 
-13 -15 -21 
-12 -15 -21 
-11 -15 -21 
-10 -15 -21 
-9 -15 -21 
-8 -15 -21 
-7 -15 -21 
-14 -14 -21 
-13 -14 -21 
-12 -14 -21 
-11 -14 -21 
-10 -14 -21 
-9 -14 -21 
-8 -14 -21 
-7 -14 -21 
-13 -13 -21 
-12 -13 -21 
-11 -13 -21 
-10 -13 -21 
-9 -13 -21 
-8 -13 -21 
-7 -13 -21 
-12 -12 -21 
-11 -12 -21 
-10 -12 -21 
-9 -12 -21 
-8 -12 -21 
-7 -12 -21 
-11 -11 -21 
-10 -11 -21 
-9 -11 -21 
-8 -11 -21 
-7 -11 -21 
-10 -10 -21 
-9 -10 -21 
-8 -10 -21 
-7 -10 -21 
-9 -9 -21 
-8 -9 -21 
-7 -9 -21 
-8 -8 -21 
-7 -8 -21 
-7 -7 -21 
-20 -20 -20 
-19 -20 -20 
-18 -20 -20 
-17 -20 -20 
-16 -20 -20 
-15 -20 -20 
-14 -20 -20 
-13 -20 -20 
-12 -20 -20 
-11 -20 -20 
-10 -20 -20 
-9 -20 -20 
-8 -20 -20 
-7 -20 -20 
-19 -19 -20 
-18 -19 -20 
-17 -19 -20 
-16 -19 -20 
-15 -19 -20 
-14 -19 -20 
-13 -19 -20 
-12 -19 -20 
-11 -19 -20 
-10 -19 -20 
-9 -19 -20 
-8 -19 -20 
-7 -19 -20 
-18 -18 -20 
-17 -18 -20 
-16 -18 -20 
-15 -18 -20 
-14 -18 -20 
-13 -18 -20 
-12 -18 -20 
-11 -18 -20 
-10 -18 -20 
-9 -18 -20 
-8 -18 -20 
-7 -18 -20 
-17 -17 -20 
-16 -17 -20 
-15 -17 -20 
-14 -17 -20 
-13 -17 -20 
-12 -17 -20 
-11 -17 -20 
-10 -17 -20 
-9 -17 -20 
-8 -17 -20 
-7 -17 -20 
-16 -16 -20 
-15 -16 -20 
-14 -16 -20 
-13 -16 -20 
-12 -16 -20 
-11 -16 -20 
-10 -16 -20 
-9 -16 -20 
-8 -16 -20 
-7 -16 -20 
-15 -15 -20 
-14 -15 -20 
-13 -15 -20 
-12 -15 -20 
-11 -15 -20 
-10 -15 -20 
-9 -15 -20 
-8 -15 -20 
-7 -15 -20 
-14 -14 -20 
-13 -14 -20 
-12 -14 -20 
-11 -14 -20 
-10 -14 -20 
-9 -14 -20 
-8 -14 -20 
-7 -14 -20 
-13 -13 -20 
-12 -13 -20 
-11 -13 -20 
-10 -13 -20 
-9 -13 -20 
-8 -13 -20 
-7 -13 -20 
-12 -12 -20 
-11 -12 -20 
-10 -12 -20 
-9 -12 -20 
-8 -12 -20 
-7 -12 -20 
-11 -11 -20 
-10 -11 -20 
-9 -11 -20 
-8 -11 -20 
-7 -11 -20 
-10 -10 -20 
-9 -10 -20 
-8 -10 -20 
-7 -10 -20 
-9 -9 -20 
-8 -9 -20 
-7 -9 -20 
-8 -8 -20 
-7 -8 -20 
-7 -7 -20 
-19 -19 -19 
-18 -19 -19 
-17 -19 -19 
-16 -19 -19 
-15 -19 -19 
-14 -19 -19 
-13 -19 -19 
-12 -19 -19 
-11 -19 -19 
-10 -19 -19 
-9 -19 -19 
-8 -19 -19 
-7 -19 -19 
-18 -18 -19 
-17 -18 -19 
-16 -18 -19 
-15 -18 -19 
-14 -18 -19 
-13 -18 -19 
-12 -18 -19 
-11 -18 -19 
-10 -18 -19 
-9 -18 -19 
-8 -18 -19 
-7 -18 -19 
-17 -17 -19 
-16 -17 -19 
-15 -17 -19 
-14 -17 -19 
-13 -17 -19 
-12 -17 -19 
-11 -17 -19 
-10 -17 -19 
-9 -17 -19 
-8 -17 -19 
-7 -17 -19 
-16 -16 -19 
-15 -16 -19 
-14 -16 -19 
-13 -16 -19 
-12 -16 -19 
-11 -16 -19 
-10 -16 -19 
-9 -16 -19 
-8 -16 -19 
-7 -16 -19 
-15 -15 -19 
-14 -15 -19 
-13 -15 -19 
-12 -15 -19 
-11 -15 -19 
-10 -15 -19 
-9 -15 -19 
-8 -15 -19 
-7 -15 -19 
-14 -14 -19 
-13 -14 -19 
-12 -14 -19 
-11 -14 -19 
-10 -14 -19 
-9 -14 -19 
-8 -14 -19 
-7 -14 -19 
-13 -13 -19 
-12 -13 -19 
-11 -13 -19 
-10 -13 -19 
-9 -13 -19 
-8 -13 -19 
-7 -13 -19 
-12 -12 -19 
-11 -12 -19 
-10 -12 -19 
-9 -12 -19 
-8 -12 -19 
-7 -12 -19 
-11 -11 -19 
-10 -11 -19 
-9 -11 -19 
-8 -11 -19 
-7 -11 -19 
-10 -10 -19 
-9 -10 -19 
-8 -10 -19 
-7 -10 -19 
-9 -9 -19 
-8 -9 -19 
-7 -9 -19 
-8 -8 -19 
-7 -8 -19 
-7 -7 -19 
-18 -18 -18 
-17 -18 -18 
-16 -18 -18 
-15 -18 -18 
-14 -18 -18 
-13 -18 -18 
-12 -18 -18 
-11 -18 -18 
-10 -18 -18 
-9 -18 -18 
-8 -18 -18 
-7 -18 -18 
-17 -17 -18 
-16 -17 -18 
-15 -17 -18 
-14 -17 -18 
-13 -17 -18 
-12 -17 -18 
-11 -17 -18 
-10 -17 -18 
-9 -17 -18 
-8 -17 -18 
-7 -17 -18 
-16 -16 -18 
-15 -16 -18 
-14 -16 -18 
-13 -16 -18 
-12 -16 -18 
-11 -16 -18 
-10 -16 -18 
-9 -16 -18 
-8 -16 -18 
-7 -16 -18 
-15 -15 -18 
-14 -15 -18 
-13 -15 -18 
-12 -15 -18 
-11 -15 -18 
-10 -15 -18 
-9 -15 -18 
-8 -15 -18 
-7 -15 -18 
-14 -14 -18 
-13 -14 -18 
-12 -14 -18 
-11 -14 -18 
-10 -14 -18 
-9 -14 -18 
-8 -14 -18 
-7 -14 -18 
-13 -13 -18 
-12 -13 -18 
-11 -13 -18 
-10 -13 -18 
-9 -13 -18 
-8 -13 -18 
-7 -13 -18 
-12 -12 -18 
-11 -12 -18 
-10 -12 -18 
-9 -12 -18 
-8 -12 -18 
-7 -12 -18 
-11 -11 -18 
-10 -11 -18 
-9 -11 -18 
-8 -11 -18 
-7 -11 -18 
-10 -10 -18 
-9 -10 -18 
-8 -10 -18 
-7 -10 -18 
-9 -9 -18 
-8 -9 -18 
-7 -9 -18 
-8 -8 -18 
-7 -8 -18 
-7 -7 -18 
-17 -17 -17 
-16 -17 -17 
-15 -17 -17 
-14 -17 -17 
-13 -17 -17 
-12 -17 -17 
-11 -17 -17 
-10 -17 -17 
-9 -17 -17 
-8 -17 -17 
-7 -17 -17 
-16 -16 -17 
-15 -16 -17 
-14 -16 -17 
-13 -16 -17 
-12 -16 -17 
-11 -16 -17 
-10 -16 -17 
-9 -16 -17 
-8 -16 -17 
-7 -16 -17 
-15 -15 -17 
-14 -15 -17 
-13 -15 -17 
-12 -15 -17 
-11 -15 -17 
-10 -15 -17 
-9 -15 -17 
-8 -15 -17 
-7 -15 -17 
-14 -14 -17 
-13 -14 -17 
-12 -14 -17 
-11 -14 -17 
-10 -14 -17 
-9 -14 -17 
-8 -14 -17 
-7 -14 -17 
-13 -13 -17 
-12 -13 -17 
-11 -13 -17 
-10 -13 -17 
-9 -13 -17 
-8 -13 -17 
-7 -13 -17 
-12 -12 -17 
-11 -12 -17 
-10 -12 -17 
-9 -12 -17 
-8 -12 -17 
-7 -12 -17 
-11 -11 -17 
-10 -11 -17 
-9 -11 -17 
-8 -11 -17 
-7 -11 -17 
-10 -10 -17 
-9 -10 -17 
-8 -10 -17 
-7 -10 -17 
-9 -9 -17 
-8 -9 -17 
-7 -9 -17 
-8 -8 -17 
-7 -8 -17 
-7 -7 -17 
-16 -16 -16 
-15 -16 -16 
-14 -16 -16 
-13 -16 -16 
-12 -16 -16 
-11 -16 -16 
-10 -16 -16 
-9 -16 -16 
-8 -16 -16 
-7 -16 -16 
-15 -15 -16 
-14 -15 -16 
-13 -15 -16 
-12 -15 -16 
-11 -15 -16 
-10 -15 -16 
-9 -15 -16 
-8 -15 -16 
-7 -15 -16 
-14 -14 -16 
-13 -14 -16 
-12 -14 -16 
-11 -14 -16 
-10 -14 -16 
-9 -14 -16 
-8 -14 -16 
-7 -14 -16 
-13 -13 -16 
-12 -13 -16 
-11 -13 -16 
-10 -13 -16 
-9 -13 -16 
-8 -13 -16 
-7 -13 -16 
-12 -12 -16 
-11 -12 -16 
-10 -12 -16 
-9 -12 -16 
-8 -12 -16 
-7 -12 -16 
-11 -11 -16 
-10 -11 -16 
-9 -11 -16 
-8 -11 -16 
-7 -11 -16 
-10 -10 -16 
-9 -10 -16 
-8 -10 -16 
-7 -10 -16 
-9 -9 -16 
-8 -9 -16 
-7 -9 -16 
-8 -8 -16 
-7 -8 -16 
-7 -7 -16 
-15 -15 -15 
-14 -15 -15 
-13 -15 -15 
-12 -15 -15 
-11 -15 -15 
-10 -15 -15 
-9 -15 -15 
-8 -15 -15 
-7 -15 -15 
-14 -14 -15 
-13 -14 -15 
-12 -14 -15 
-11 -14 -15 
-10 -14 -15 
-9 -14 -15 
-8 -14 -15 
-7 -14 -15 
-13 -13 -15 
-12 -13 -15 
-11 -13 -15 
-10 -13 -15 
-9 -13 -15 
-8 -13 -15 
-7 -13 -15 
-12 -12 -15 
-11 -12 -15 
-10 -12 -15 
-9 -12 -15 
-8 -12 -15 
-7 -12 -15 
-11 -11 -15 
-10 -11 -15 
-9 -11 -15 
-8 -11 -15 
-7 -11 -15 
-10 -10 -15 
-9 -10 -15 
-8 -10 -15 
-7 -10 -15 
-9 -9 -15 
-8 -9 -15 
-7 -9 -15 
-8 -8 -15 
-7 -8 -15 
-7 -7 -15 
-14 -14 -14 
-13 -14 -14 
-12 -14 -14 
-11 -14 -14 
-10 -14 -14 
-9 -14 -14 
-8 -14 -14 
-7 -14 -14 
-13 -13 -14 
-12 -13 -14 
-11 -13 -14 
-10 -13 -14 
-9 -13 -14 
-8 -13 -14 
-7 -13 -14 
-12 -12 -14 
-11 -12 -14 
-10 -12 -14 
-9 -12 -14 
-8 -12 -14 
-7 -12 -14 
-11 -11 -14 
-10 -11 -14 
-9 -11 -14 
-8 -11 -14 
-7 -11 -14 
-10 -10 -14 
-9 -10 -14 
-8 -10 -14 
-7 -10 -14 
-9 -9 -14 
-8 -9 -14 
-7 -9 -14 
-8 -8 -14 
-7 -8 -14 
-7 -7 -14 
-13 -13 -13 
-12 -13 -13 
-11 -13 -13 
-10 -13 -13 
-9 -13 -13 
-8 -13 -13 
-7 -13 -13 
-12 -12 -13 
-11 -12 -13 
-10 -12 -13 
-9 -12 -13 
-8 -12 -13 
-7 -12 -13 
-11 -11 -13 
-10 -11 -13 
-9 -11 -13 
-8 -11 -13 
-7 -11 -13 
-10 -10 -13 
-9 -10 -13 
-8 -10 -13 
-7 -10 -13 
-9 -9 -13 
-8 -9 -13 
-7 -9 -13 
-8 -8 -13 
-7 -8 -13 
-7 -7 -13 
-12 -12 -12 
-11 -12 -12 
-10 -12 -12 
-9 -12 -12 
-8 -12 -12 
-7 -12 -12 
-11 -11 -12 
-10 -11 -12 
-9 -11 -12 
-8 -11 -12 
-7 -11 -12 
-10 -10 -12 
-9 -10 -12 
-8 -10 -12 
-7 -10 -12 
-9 -9 -12 
-8 -9 -12 
-7 -9 -12 
-8 -8 -12 
-7 -8 -12 
-7 -7 -12 
-11 -11 -11 
-10 -11 -11 
-9 -11 -11 
-8 -11 -11 
-7 -11 -11 
-10 -10 -11 
-9 -10 -11 
-8 -10 -11 
-7 -10 -11 
-9 -9 -11 
-8 -9 -11 
-7 -9 -11 
-8 -8 -11 
-7 -8 -11 
-7 -7 -11 
-10 -10 -10 
-9 -10 -10 
-8 -10 -10 
-7 -10 -10 
-9 -9 -10 
-8 -9 -10 
-7 -9 -10 
-8 -8 -10 
-7 -8 -10 
-7 -7 -10 
-9 -9 -9 
-8 -9 -9 
-7 -9 -9 
-8 -8 -9 
-7 -8 -9 
-7 -7 -9 
-8 -8 -8 
-7 -8 -8 
-7 -7 -8 
-7 -7 -7 
-6 -6 -25 
-6 -6 -24 
-6 -6 -23 
-6 -6 -22 
-6 -6 -21 
-6 -6 -20 
-6 -6 -19 
-6 -6 -18 
-6 -6 -17 
-6 -6 -16 
-6 -6 -15 
-6 -6 -14 
-6 -6 -13 
-6 -6 -12 
-6 -6 -11 
-6 -6 -10 
-6 -6 -9 
-6 -6 -8 
-6 -6 -7 
-6 -6 -6 
-5 -5 -5 
