-6 -24 -24 
-6 -23 -24 
-6 -22 -24 
-6 -21 -24 
-6 -20 -24 
-6 -19 -24 
-6 -18 -24 
-6 -17 -24 
-6 -16 -24 
-6 -15 -24 
-6 -14 -24 
-6 -13 -24 
-6 -12 -24 
-6 -11 -24 
-6 -10 -24 
-6 -9 -24 
-6 -8 -24 
-6 -23 -23 
-6 -22 -23 
-6 -21 -23 
-6 -20 -23 
-6 -19 -23 
-6 -18 -23 
-6 -17 -23 
-6 -16 -23 
-6 -15 -23 
-6 -14 -23 
-6 -13 -23 
-6 -12 -23 
-6 -11 -23 
-6 -10 -23 
-6 -9 -23 
-6 -8 -23 
-6 -22 -22 
-6 -21 -22 
-6 -20 -22 
-6 -19 -22 
-6 -18 -22 
-6 -17 -22 
-6 -16 -22 
-6 -15 -22 
-6 -14 -22 
-6 -13 -22 
-6 -12 -22 
-6 -11 -22 
-6 -10 -22 
-6 -9 -22 
-6 -8 -22 
-6 -21 -21 
-6 -20 -21 
-6 -19 -21 
-6 -18 -21 
-6 -17 -21 
-6 -16 -21 
-6 -15 -21 
-6 -14 -21 
-6 -13 -21 
-6 -12 -21 
-6 -11 -21 
-6 -10 -21 
-6 -9 -21 
-6 -8 -21 
-6 -20 -20 
-6 -19 -20 
-6 -18 -20 
-6 -17 -20 
-6 -16 -20 
-6 -15 -20 
-6 -14 -20 
-6 -13 -20 
-6 -12 -20 
-6 -11 -20 
-6 -10 -20 
-6 -9 -20 
-6 -8 -20 
-6 -19 -19 
-6 -18 -19 
-6 -17 -19 
-6 -16 -19 
-6 -15 -19 
-6 -14 -19 
-6 -13 -19 
-6 -12 -19 
-6 -11 -19 
-6 -10 -19 
-6 -9 -19 
-6 -8 -19 
-6 -18 -18 
-6 -17 -18 
-6 -16 -18 
-6 -15 -18 
-6 -14 -18 
-6 -13 -18 
-6 -12 -18 
-6 -11 -18 
-6 -10 -18 
-6 -9 -18 
-6 -8 -18 
-6 -17 -17 
-6 -16 -17 
-6 -15 -17 
-6 -14 -17 
-6 -13 -17 
-6 -12 -17 
-6 -11 -17 
-6 -10 -17 
-6 -9 -17 
-6 -8 -17 
-6 -16 -16 
-6 -15 -16 
-6 -14 -16 
-6 -13 -16 
-6 -12 -16 
-6 -11 -16 
-6 -10 -16 
-6 -9 -16 
-6 -8 -16 
-6 -15 -15 
-6 -14 -15 
-6 -13 -15 
-6 -12 -15 
-6 -11 -15 
-6 -10 -15 
-6 -9 -15 
-6 -8 -15 
-6 -14 -14 
-6 -13 -14 
-6 -12 -14 
-6 -11 -14 
-6 -10 -14 
-6 -9 -14 
-6 -8 -14 
-6 -13 -13 
-6 -12 -13 
-6 -11 -13 
-6 -10 -13 
-6 -9 -13 
-6 -8 -13 
-6 -12 -12 
-6 -11 -12 
-6 -10 -12 
-6 -9 -12 
-6 -8 -12 
-6 -11 -11 
-6 -10 -11 
-6 -9 -11 
-6 -8 -11 
-6 -10 -10 
-6 -9 -10 
-6 -8 -10 
-6 -9 -9 
-6 -8 -9 
-6 -8 -8 
-5 -23 -23 
-5 -22 -22 
-5 -21 -21 
-5 -20 -20 
-5 -19 -19 
-5 -18 -18 
-5 -17 -17 
-5 -16 -16 
-5 -15 -15 
-5 -14 -14 
-5 -13 -13 
-5 -12 -12 
-5 -11 -11 
-5 -10 -10 
-5 -9 -9 
-5 -7 -7 
-4 -6 -6 
-3 -5 -5 
-5 -22 -23 
-5 -21 -23 
-5 -20 -23 
-5 -19 -23 
-5 -18 -23 
-5 -17 -23 
-5 -16 -23 
-5 -15 -23 
-5 -14 -23 
-5 -13 -23 
-5 -12 -23 
-5 -11 -23 
-5 -10 -23 
-5 -9 -23 
-5 -21 -22 
-5 -20 -22 
-5 -19 -22 
-5 -18 -22 
-5 -17 -22 
-5 -16 -22 
-5 -15 -22 
-5 -14 -22 
-5 -13 -22 
-5 -12 -22 
-5 -11 -22 
-5 -10 -22 
-5 -9 -22 
-5 -20 -21 
-5 -19 -21 
-5 -18 -21 
-5 -17 -21 
-5 -16 -21 
-5 -15 -21 
-5 -14 -21 
-5 -13 -21 
-5 -12 -21 
-5 -11 -21 
-5 -10 -21 
-5 -9 -21 
-5 -19 -20 
-5 -18 -20 
-5 -17 -20 
-5 -16 -20 
-5 -15 -20 
-5 -14 -20 
-5 -13 -20 
-5 -12 -20 
-5 -11 -20 
-5 -10 -20 
-5 -9 -20 
-5 -18 -19 
-5 -17 -19 
-5 -16 -19 
-5 -15 -19 
-5 -14 -19 
-5 -13 -19 
-5 -12 -19 
-5 -11 -19 
-5 -10 -19 
-5 -9 -19 
-5 -17 -18 
-5 -16 -18 
-5 -15 -18 
-5 -14 -18 
-5 -13 -18 
-5 -12 -18 
-5 -11 -18 
-5 -10 -18 
-5 -9 -18 
-5 -16 -17 
-5 -15 -17 
-5 -14 -17 
-5 -13 -17 
-5 -12 -17 
-5 -11 -17 
-5 -10 -17 
-5 -9 -17 
-5 -15 -16 
-5 -14 -16 
-5 -13 -16 
-5 -12 -16 
-5 -11 -16 
-5 -10 -16 
-5 -9 -16 
-5 -14 -15 
-5 -13 -15 
-5 -12 -15 
-5 -11 -15 
-5 -10 -15 
-5 -9 -15 
-5 -13 -14 
-5 -12 -14 
-5 -11 -14 
-5 -10 -14 
-5 -9 -14 
-5 -12 -13 
-5 -11 -13 
-5 -10 -13 
-5 -9 -13 
-5 -11 -12 
-5 -10 -12 
-5 -9 -12 
-5 -10 -11 
-5 -9 -11 
-5 -9 -10 
